# callgrind format
version: 1
creator: callgrind-3.22.0
pid: 108202
cmd:  ./main2
part: 1


desc: I1 cache: 
desc: D1 cache: 
desc: LL cache: 

desc: Timerange: Basic block 0 - 45217
desc: Trigger: Program termination

positions: line
events: Ir
summary: 211153


ob=(4) /usr/libexec/valgrind/vgpreload_core-amd64-linux.so
fl=(147) ???
fn=(738) 0x0000000000001060
0 1

fn=(470) 0x0000000000001110
0 9

ob=(1) /usr/lib/x86_64-linux-gnu/ld-linux-x86-64.so.2
fl=(44) ./elf/./elf/dl-debug.c
fn=(142) _dl_debug_initialize
56 3
+3 2
+4 1
+22 1
+10 1
-32 2

ob=(4)
fl=(147)
fn=(738)
0 4

ob=(1)
fl=(44)
fn=(142)
64 1
+21 2
+5 2
+1 1
+4 1
-4 1
-1 1
+2 1
+3 1
+4 2
+8 2
-50 1
+4 2
+35 6

fn=(194) _dl_debug_update
38 5
+3 5
-1 10
+4 10
+4 5

fn=(148) _dl_debug_state
116 2
+1 2

fl=(132) ./elf/./elf/dl-find_object.c
fn=(412) _dlfo_process_initial
474 2
+3 2
-3 6
+1 2
+3 4
+26 14
+1 6
+1 12
-1 24
+3 44
+3 40
-7 10
+27 2
-2 2
+2 6
-18 30
+3 10
-1 10
cfi=(133) ./elf/./dl-find_object.h
cfn=(410) _dl_find_object_from_map
calls=5 95 
* 285
+2 20

fn=(414) _dlfo_sort_mappings
536 1
+1 2
+3 4
+4 1
+1 1
-1 1
+1 2
-1 3
+1 3
-1 3
+1 14
+1 50
+3 4
-1 4
-3 30
+8 12
+1 8
-1 4
-13 8
+14 12
+1 8
-15 8
+17 1

fn=(408) _dl_find_object_init
561 2
+3 1
-3 3
+5 2
+13 1
cfn=(412)
calls=1 474 
* 113
+1 1
-1 1
+1 1
fi=(28) ./elf/../include/rtld-malloc.h
56 1
cfi=(27) ./elf/./elf/dl-minimal-malloc.c
cfn=(78) __minimal_malloc
calls=1 -20 
* 30
fe=(132)
580 1
fi=(28)
56 1
fe=(132)
582 2
+3 2
+5 1
+1 1
cfn=(412)
calls=1 474 
* 418
+3 3
+10 4
-37 2
cfi=(133)
cfn=(410)
calls=1 95 
* 68
* 1
+29 2
cfn=(414)
calls=1 -60 
* 184
+3 6
+2 1

fl=(45) ./elf/../elf/dl-tls.c
fn=(224) _dl_assign_tls_modid
125 1
+16 1
-13 1
-3 3
+3 1
+55 1
-2 1
+5 1
+1 2

fn=(144) _dl_count_modids
192 1
+2 2
+1 1
+15 2

fn=(404) _dl_add_to_slotinfo
1017 8
+9 1
-9 1
+6 1
+4 1
+4 3
+34 2
+3 2
+1 3
+3 6

fn=(250) _dl_allocate_tls_storage
417 7
+2 1
+11 1
+1 1
fi=(28)
56 1
cfi=(27)
cfn=(78)
calls=1 -20 
* 30
fe=(45)
432 2
+8 3
fi=(28)
44 1
fe=(45)
440 2
+5 1
-5 1
+1 1
+4 304
+19 1
-99 1
+4 1
+1 1
fi=(28)
44 1
cfi=(27)
cfn=(74) __minimal_calloc
calls=1 +36 
* 41
fe=(45)
371 2
+3 1
+6 2
+90 7

fn=(248) _dl_determine_tlsoffset
216 9
+6 4
+3 2
+36 3
+2 1
-2 1
-2 1
-40 1
-1 1
-1 1
+46 2
+23 3
+3 1
-3 5
+2 2
+6 1
-33 2
+20 1
-20 5
+2 2
+3 1
-1 1
+5 2
-5 1
+1 1
-1 1
+3 2
+2 3
+32 2
-1 1
+53 1
-52 5
+2 2
+51 8

fn=(406) _dl_allocate_tls_init
523 11
+1 2
+4 1
+6 1
-6 1
+6 1
cfi=(24) ./elf/../sysdeps/nptl/dl-tls_init_tp.c
cfn=(86) rtld_mutex_dummy
calls=1 42 
* 3
+3 3
+12 1
-18 1
+42 3
-19 12
+9 3
+1 2
+6 3
+3 1
-2 1
+2 1
-2 1
+2 4
+4 1
-4 1
+4 1
-1 2
+4 2
+1 4
+2 2
+1 2
+17 1
-8 1
+8 1
+2 4
cfi=(29) ./string/../sysdeps/x86_64/multiarch/memmove-vec-unaligned-erms.S
cfn=(124) mempcpy
calls=1 197 
* 13
* 6
cfi=(42) ./string/../sysdeps/x86_64/multiarch/../multiarch/memset-vec-unaligned-erms.S
cfn=(128) memset
calls=1 132 
* 25
-49 1
+55 1
-55 4
+6 5
+55 2
cfi=(24)
cfn=(86)
calls=1 42 
* 3
+3 2
+3 9

fn=(246) _dl_tls_static_surplus_init
97 2
+3 1
-3 3
+3 1
-3 1
+3 1
-3 1
+3 1
-3 1
+3 1
cfi=(11) ./elf/./elf/dl-tunables.c
cfn=(28) __tunable_get_val
calls=1 387 
* 23
* 1
+1 4
cfi=(11)
cfn=(28)
calls=1 387 
* 23
+1 1
+2 1
-3 1
+1 2
+2 3
+3 1
+2 1
-26 3
+28 3
+1 6

fl=(170) ./elf/./elf/dl-call_fini.c
fn=(700) _dl_call_fini
24 48
+4 12
+6 6
-2 6
+3 12
+3 4
+1 4
-1 4
+1 8
+3 16
+1 4
cob=(5) /usr/local/lib/libft_maki.so
cfi=(152) ???
cfn=(764) 0x0000000000002400
calls=1 -43 
* 97
cob=(6) /usr/local/lib/libft_math.so
cfi=(153) ???
cfn=(746) 0x0000000000001140
calls=1 -43 
* 97
cob=(4)
cfi=(147)
cfn=(728) 0x00000000000010d0
calls=1 -43 
* 98
cob=(7) /media/maki/MakiNVME/Projects/ft_maki/main2
cfi=(154) ???
cfn=(702) 0x00000000000010f0
calls=1 -43 
* 97
-1 16
+5 6
+1 12
+1 8
+1 20
-1 4
cob=(3) ???
cfi=(144) ???
cfn=(780) 0x0000000004869e0c
calls=1 -49 
* 4
cob=(3)
cfi=(144)
cfn=(762) 0x0000000004870410
calls=1 -49 
* 4
cob=(3)
cfi=(144)
cfn=(744) 0x000000000483d294
calls=1 -49 
* 4
cob=(3)
cfi=(144)
cfn=(724) 0x0000000000109208
calls=1 -49 
* 4
+1 12

fl=(26) ./elf/./elf/dl-object.c
fn=(72) _dl_new_object
59 75
+3 10
+18 8
+3 4
cfi=(22) ./string/../sysdeps/x86_64/multiarch/../multiarch/strlen-sse2.S
cfn=(62) strlen
calls=4 -26 
* 86
+4 4
-4 4
+4 4
+5 4
-9 12
fi=(28)
-39 8
cfi=(27)
cfn=(74)
calls=4 +36 
* 265
fe=(26)
+39 1
fi=(28)
-39 2
cfi=(27)
cfn=(74)
calls=1 +36 
* 47
* 5
fe=(26)
+51 10
+5 5
+4 5
-6 5
+2 5
+4 5
-5 5
+4 5
+1 5
-1 5
+1 10
cfi=(29)
cfn=(82) memcpy
calls=5 210 
* 66
* 5
+15 5
-15 5
+2 5
+13 10
+6 1
+2 7
+3 2
-3 28
+3 8
+2 5
+4 5
+3 14
+2 12
-2 8
+2 8
-2 16
+16 10
-5 5
+5 5
-6 5
+6 5
-6 5
+6 10
+2 8
+3 8
-3 8
+7 16
+4 12
+8 1
+13 1
-10 2
+10 7
-10 8
+10 12
+2 4
cfi=(22)
cfn=(62)
calls=4 57 
* 140
+21 4
-21 12
+17 4
-13 12
+50 12
cfi=(29)
cfn=(124)
calls=4 -48 
* 60
* 4
+5 8
+1 8
-1 136
+1 136
+4 8
+1 4
+3 4
+4 45
131 10
-8 4
-4 8
+34 1
+7 4
+8 16
fi=(28)
56 8
cfi=(27)
cfn=(78)
calls=4 -20 
* 120
* 4
fe=(26)
200 8
-1 8
64 2
+2 3
+1 2
+4 6
+6 2

fn=(84) _dl_add_to_namespace_list
31 20
+2 5
-2 10
+2 5
-2 15
+2 5
cfi=(24)
cfn=(86)
calls=5 +9 
* 15
+2 44
+3 56
+2 4
+2 4
+4 4
+4 4
-4 8
+1 8
+1 8
+3 20
-1 4
cfi=(24)
cfn=(86)
calls=4 -8 
* 12
-4 1
+4 1
-4 2
+1 2
+1 2
+3 5
-1 1
cfi=(24)
cfn=(86)
calls=1 -8 
* 3
-5 2

fl=(56) ./misc/../sysdeps/unix/sysv/linux/mmap64.c
fn=(180) mmap
47 20
+3 40
-3 120
+6 40
+5 120
+2 80
-7 43

fl=(133)
fn=(410)
95 12
+1 12
+1 6
+6 30
+1 159
+1 110
+2 18
+5 6

fl=(75) ./elf/../sysdeps/x86_64/dl-cet.c
fn=(458) _dl_cet_setup_features
331 1
+3 2
+16 1

fn=(258) _dl_cet_check
361 8
-76 1
-10 2
+2 2
-1 1
+6 1
+3 1
+8 1
-11 1
+1 1
-1 1
+1 1
-1 1
+1 1
+10 4
+70 6

fl=(54) ./io/../sysdeps/unix/sysv/linux/fstat64.c
fn=(176) fstat
30 5
+9 20
+33 5

fl=(137) ./elf/./elf/dl-lookup-direct.c
fn=(426) _dl_lookup_direct
74 30
+2 3
-2 6
+4 3
-4 3
+2 3
+2 9
+37 3
-37 9
+1 6
+2 12
+3 25
+2 6
-54 3
+54 3
-54 3
+54 3
-54 9
+1 9
+2 6
+1 6
+12 9
+3 3
+2 6
-2 3
+2 9
cfi=(32) ./string/../sysdeps/x86_64/multiarch/../multiarch/strcmp-sse2.S
cfn=(94) strcmp
calls=3 +45 
* 209
* 6
+4 6
+1 3
-1 3
+1 18
+1 9
cfi=(32)
cfn=(94)
calls=3 +39 
* 198
* 6
+57 27
-23 6

fl=(161) ./elf/../sysdeps/x86_64/dl-trampoline.h
fn=(546) _dl_runtime_resolve_xsave
71 21
+5 21
+3 21
+2 21
+10 21
+6 21
+1 21
+1 21
+1 21
+1 21
+1 21
+1 21
+4 21
+1 21
+3 21
+1 21
+2 21
+1 21
+1 21
+1 21
+1 21
+1 21
+2 21
+7 21
+1 21
+1 21
cfi=(162) ./elf/./elf/dl-runtime.c
cfn=(548) _dl_fixup
calls=21 -84 
* 12640
+1 21
+5 21
+1 21
+1 21
+2 21
+1 21
+1 21
+1 21
+1 21
+1 21
+1 21
+2 21
+2 21
+4 21
+2 21

fl=(22)
fn=(62)
57 25
+44 25
+1 25
+1 25
+1 25
+1 25
+1 25
+1 25
+2 25
+2 25
+31 24
+1 24
+1 24
+1 24
+1 24
+1 12
+2 12
+4 12
+1 12
+1 12
+1 12
+1 12
+1 12
+1 12
+1 12
+1 12
+1 12
+1 12
+1 12
+5 96
+4 1
+1 14
+1 8

fl=(1) ???
fn=(0) 0x000000000001f540
0 2
cfi=(2) ./elf/./elf/rtld.c
cfn=(2) _dl_start
calls=1 517 
0 184518
0 8
cfi=(75)
cfn=(458)
calls=1 331 
0 4
0 10
cfi=(146) ./elf/./elf/dl-init.c
cfn=(462) _dl_init
calls=1 81 
0 581
0 3
cob=(7)
cfi=(154)
cfn=(508) (below main)
calls=1 0 
0 26027

fl=(66) ./elf/./elf/dl-cache.c
fn=(450) _dl_unload_cache
525 1
+1 4
-1 1
+3 1
-3 1
+3 1
cfi=(131) ./misc/../sysdeps/unix/syscall-template.S
cfn=(452) munmap
calls=1 117 
* 6
+7 1
-6 1
+4 1
+2 1

fn=(220) _dl_cache_libcmp
357 33
+1 33
+32 33
-33 33
+1 70
+2 197
+2 197
-2 394
+20 390
+2 390
-12 166
+2 166
+14 166
+1 166
-29 332
+32 12
-28 4
+6 2
+2 2
-2 2
+1 2
-1 2
+1 2
-1 2
+2 6
+2 2
-3 2
+3 6
+2 4
+9 87

fn=(212) _dl_load_cache_lookup
403 30
+2 6
+3 9
+69 6
+5 3
205 3
482 6
+3 9
fi=(68) ./elf/../sysdeps/x86/dl-procinfo.h
39 6
+3 9
cfi=(32)
cfn=(94)
calls=3 +56 
* 150
* 21
cfi=(32)
cfn=(94)
calls=3 +56 
* 135
* 15
fe=(66)
208 18
cfi=(11)
cfn=(28)
calls=3 387 
* 69
* 3
+12 3
-10 3
-2 3
+12 6
-7 15
+9 15
+1 3
-32 6
+36 3
-4 3
+4 6
-5 130
+1 26
-32 52
+36 26
-4 26
+4 52
+4 87
cfn=(220)
calls=29 357 
* 2412
+1 58
346 26
+3 9
220 18
347 17
220 40
+2 30
+20 6
+3 6
+2 12
cfn=(220)
calls=3 357 
* 345
* 6
-7 6
-30 9
+1 3
fi=(178) ./elf/../sysdeps/x86/dl-isa-level.h
28 6
fe=(66)
210 6
fi=(178)
28 3
fe=(66)
210 3
+1 3
-1 9
+76 9
fi=(178)
28 9
fe=(66)
342 4
-83 8
+4 4
+1 4
cfn=(220)
calls=1 +93 
* 146
* 2
+5 12
+1 12
+16 3
fi=(67) ./elf/../sysdeps/generic/dl-cache.h
125 3
fe=(66)
286 9
+9 6
+3 6
+3 3
+1 9
+28 6
500 6
+12 6
cfi=(22)
cfn=(62)
calls=3 57 
* 105
+1 3
-1 3
+1 36
+1 3
-1 3
+1 3
-1 3
+1 3
cfi=(29)
cfn=(82)
calls=3 210 
* 33
* 3
+1 3
cfi=(43) ./string/./string/strdup.c
cfn=(136) strdup
calls=3 40 
* 285
+1 24
411 4
cfi=(51) ./elf/./elf/dl-misc.c
cfn=(214) _dl_sysdep_read_whole_file
calls=1 36 
* 103
* 1
+8 5
+1 8
+3 3
+1 1
-1 3
fi=(67)
194 1
+1 5
fe=(66)
431 1
+1 2

fl=(47) ./elf/./elf/dl-audit.c
fn=(528) _dl_audit_preinit
118 1
+1 4

fn=(196) _dl_audit_objopen
77 4
+1 16

fn=(448) _dl_audit_activity_nsid
41 3
+4 12
+1 3
+1 15

fn=(726) _dl_audit_objclose
97 6
+1 24

fn=(150) _dl_audit_activity_map
29 2
+2 1
-2 5
+1 1
+1 2
+6 6

fl=(131)
fn=(402) mprotect
117 30
+5 6

fn=(452)
117 5
+5 1

fl=(53) ./io/../sysdeps/unix/sysv/linux/read_nocancel.c
fn=(172) __read_nocancel
25 4
+1 16
+1 4

fl=(39) ./elf/./elf/dl-hwcaps_split.c
fn=(120) _dl_hwcaps_split
25 5
+1 3
+21 1
-20 1
+20 3

fn=(114) _dl_hwcaps_split_masked
51 80
-25 32
+36 5
-7 5
+7 35
-26 24
+5 27
cfi=(41) ./string/../sysdeps/x86_64/multiarch/../multiarch/strchr-sse2.S
cfn=(118) index
calls=9 -9 
* 216
* 9
+1 18
+3 6
+11 12
+1 18
+1 12
-2 6
+1 9
+1 6
-28 24
+4 48
+1 12
-1 30
+24 3
+9 6
-5 3
-2 3
+2 21
-19 6
cfi=(22)
cfn=(62)
calls=3 +14 
* 51
* 6

fl=(57) ./misc/../sysdeps/unix/sysv/linux/setvmaname.c
fn=(182) __set_vma_name
33 2
+2 7
-2 4
+7 1
-7 2
+7 1
-7 2
+7 1
-7 1
+7 1
cfi=(11)
cfn=(28)
calls=1 387 
* 24
* 3
+7 1
+2 6

fl=(138) ./elf/./elf/dl-call-libc-early-init.c
fn=(430) _dl_call_libc_early_init
27 1
+2 2
-2 1
+6 3
-6 3
+6 1
-6 2
+6 1
cfi=(137)
cfn=(426)
calls=1 +41 
* 225
+4 2
+2 3
+2 1
-1 1
-1 1
+2 2
-1 1
cob=(2) /usr/lib/x86_64-linux-gnu/libc.so.6
cfi=(139) ./elf/./elf/libc_early_init.c
cfn=(432) __libc_early_init
calls=1 -7 
* 353

fl=(146)
fn=(464) call_init.part.0
26 72
+17 6
+3 6
-3 12
+3 12
+5 10
+8 15
+1 18
cob=(3)
cfi=(144)
cfn=(496) 0x000000000486f000
calls=1 -60 
* 7
cob=(3)
cfi=(144)
cfn=(486) 0x0000000004863000
calls=1 -60 
* 7
cob=(3)
cfi=(144)
cfn=(466) 0x000000000483d000
calls=1 -60 
* 7
+3 5
+1 10
+6 8
+2 8
-2 4
+3 25
+1 4
cob=(2)
cfi=(151) ./libio/./libio/vtables.c
cfn=(484) check_stdfiles_vtables
calls=1 545 
* 12
* 16
cob=(6)
cfi=(153)
cfn=(500) 0x0000000000001180
calls=1 -74 
* 12
cob=(5)
cfi=(152)
cfn=(490) 0x0000000000002440
calls=1 -74 
* 12
cob=(2)
cfi=(148) ./csu/./csu/init-first.c
cfn=(476) _init_first
calls=1 -28 
* 74
cob=(4)
cfi=(147)
cfn=(470)
calls=1 -74 
* 12
-1 15
+3 48
-29 2

fn=(462)
81 13
+1 1
+1 1
+3 3
+8 2
+25 1
+1 8
+1 12
-92 12
+6 18
+2 27
+83 10
cfn=(464)
calls=5 -94 
* 362
* 10
+7 8
-98 2
+60 2
-54 3
+2 7
cfn=(464)
calls=1 -11 
* 77
* 2

fl=(41)
fn=(118)
32 22
+1 22
+1 22
+1 22
+1 22
+1 22
+1 22
+1 22
+1 22
+1 22
+1 22
+1 22
+1 22
+1 22
+1 22
+1 22
+1 22
+1 22
+1 20
+4 20
+1 20
+1 20
+1 20
+2 20
+4 2
+1 2
+1 2
+1 2
+1 2
+1 2
+1 2
+1 2
+1 2
+1 2
+1 2
+1 2
+1 2
+1 2
+1 2
+1 2
+1 2
+1 2
+1 2
+1 2
+1 2
+1 2
+1 2
+1 2
+52 2
+4 2
+1 2
+1 2
+1 2
+2 2

fl=(64) ./io/../sysdeps/unix/sysv/linux/stat64.c
fn=(208) stat
28 4
+1 8
cfi=(65) ./io/../sysdeps/unix/sysv/linux/fstatat64.c
cfn=(210) fstatat
calls=2 146 
* 18

fl=(136) ./elf/../sysdeps/nptl/dl-mutex.c
fn=(424) __rtld_mutex_init
30 2
+10 3
-10 3
+10 1
-10 1
+10 1
-10 1
+7 1
+3 2
cfi=(137)
cfn=(426)
calls=1 +34 
* 233
+4 2
+1 8
+2 3
-2 1
+2 3
cfi=(137)
cfn=(426)
calls=1 +27 
* 223
+4 2
+1 7
+1 6

fl=(29)
fn=(82)
210 26
+1 26
+6 26
+1 26
+2 18
+1 18
+1 18
+2 12
+1 12
+1 12
+2 12
+80 8
+1 8
+2 1
+4 1
+1 1
+1 1
+1 1
+1 1
+4 1
+2 1
+39 7
+1 7
+1 7
+1 7
+1 7
+7 6
+1 6
+1 6
+1 6
+1 6
+1 6
+1 6
+11 6
+1 6
+2 6
+1 6
+1 6

fn=(124)
197 18
+1 18
+1 18
+1 18
+17 18
+1 18
+2 6
+1 6
+1 6
+2 5
+1 5
+1 5
+2 5
+80 12
+1 12
+2 3
+4 3
+1 3
+1 3
+8 3
+39 9
+1 9
+1 9
+1 9
+1 9
+7 1
+1 1
+1 1
+1 1
+1 1
+1 1
+1 1
+11 1
+1 1
+2 1
+1 1
+1 1

fl=(43)
fn=(136)
40 30
+1 5
cfi=(22)
cfn=(62)
calls=5 +16 
* 157
* 5
fi=(179) ./string/../include/rtld-malloc.h
+15 10
cfi=(27)
cfn=(78)
calls=5 -20 
* 150
fe=(43)
-12 10
+3 15
+1 15
-1 5
cfi=(29)
cfn=(82)
calls=5 210 
* 63

fl=(9) ./elf/../sysdeps/unix/sysv/linux/dl-sysdep.c
fn=(16) _dl_sysdep_start
102 5
+4 1
-4 1
+1 1
+3 1
cfn=(18) _dl_sysdep_parse_arguments
calls=1 -28 
* 498
+4 2
cfi=(11)
cfn=(22) __GI___tunables_init
calls=1 261 
* 43158
+3 1
cfi=(13) ./elf/./elf/dl-sort-maps.c
cfn=(26) _dl_sort_maps_init
calls=1 289 
* 38
+2 2
cfi=(14) ./elf/../sysdeps/unix/sysv/linux/brk.c
cfn=(30) brk
calls=1 -79 
* 8
fi=(6) ./elf/../sysdeps/x86_64/dl-machine.h
220 1
cfi=(15) ./elf/../sysdeps/x86/dl-get-cpu-features.c
cfn=(34) _dl_x86_init_cpu_features
calls=1 37 
* 7302
fe=(9)
-98 3
+1 1
cfi=(22)
cfn=(62)
calls=1 -66 
* 33
* 1
+2 2
cfi=(23) ./elf/../misc/sbrk.c
cfn=(64) sbrk
calls=1 -88 
* 16
* 3
+12 3
+3 5
cfi=(2)
cfn=(66) dl_main
calls=1 1346 
* 132755
+3 4

fn=(446) _dl_sysdep_start_cleanup
147 1
+1 1

fn=(18)
78 1
+2 1
-2 6
+1 1
+1 1
-1 1
+2 2
+2 1
-2 1
+2 2
-1 1
+1 2
-1 67
+1 134
+7 56
fi=(10) ./elf/../sysdeps/unix/sysv/linux/dl-parse_auxv.h
-49 1
fe=(9)
+45 1
fi=(10)
-54 1
fe=(9)
+54 1
fi=(10)
-54 1
+1 1
+1 1
+7 3
+1 44
+1 22
-2 22
+2 22
-2 67
fe=(9)
+52 3
+1 1
+1 2
fi=(10)
-49 1
+1 1
fe=(9)
+46 1
fi=(10)
-45 1
+3 1
+1 1
+1 1
+1 1
+2 1
-5 1
-4 1
+1 1
+4 1
+1 1
+3 1
-7 1
-4 1
+1 1
+8 1
fe=(9)
+40 1
-1 1
+2 1
+1 6

fl=(77) ./elf/./elf/dl-lookup.c
fn=(268) _dl_lookup_symbol_x
772 756
+3 126
-3 378
+3 126
-3 504
fi=(78) ./elf/../sysdeps/generic/dl-new-hash.h
74 126
+3 252
-8 126
+1 252
+10 126
+1 252
-1 854
+1 1708
+20 920
-2 920
+6 920
-3 1840
+2 920
-30 920
+3 1840
fe=(77)
774 126
+1 126
+3 126
-4 126
+1 126
+7 432
+5 126
-2 126
+2 126
-2 126
+6 1829
+1 1764
cfn=(272) do_lookup_x
calls=126 347 
* 52504
* 378
+28 126
-23 378
+23 126
-23 252
+24 662
+7 113
-7 113
+35 452
+34 452
-20 339
+3 226
-57 126
+76 1134
fi=(78)
87 60
+1 60
+1 120
+1 60
fe=(77)
871 2
-72 78
+18 39
+11 52

fn=(274) check_match
70 1755
+3 694
+13 113
-13 113
+13 113
-13 113
+13 339
+3 350
cfi=(32)
cfn=(94)
calls=31 +9 
* 1805
* 62
+4 113
+1 226
+2 180
+19 180
+1 720
+45 113
+1 936
-18 46
+2 46
+1 23
-1 46
+1 69
-1 46
-29 270
cfi=(32)
cfn=(94)
calls=90 -19 
* 2414
* 180
-44 16
+5 8

fn=(272)
347 1134
+1 126
-1 504
+6 126
-6 126
+65 126
-58 126
+11 126
+50 126
-3 252
+3 252
-50 126
+50 504
-19 1866
+8 622
-4 622
+1 622
+3 2488
+1 1244
+3 622
-3 622
+4 1244
+4 1244
-2 622
+5 2488
+3 4354
+99 1527
358 1244
+3 1244
+4 1244
+21 1244
+4 1244
+71 904
fi=(4) ./elf/../sysdeps/generic/ldsodefs.h
139 226
+1 339
fe=(77)
476 226
fi=(79) ./elf/../sysdeps/generic/dl-protected.h
29 452
fe=(77)
483 884
+16 226
+1 113
+22 113
-21 113
+21 791
-99 366
-1 244
+2 244
+2 122
+6 488
-6 122
+6 854
+7 441
-10 1300
+2 117
+1 351
-1 117
+1 234
-1 117
+1 117
+1 117
-1 117
+1 117
-1 819
cfn=(274)
calls=117 70 
* 11089
+4 351
+3 8
+31 72
+52 13
-1 13
+1 91
-35 15

fl=(32)
fn=(242) strncmp
98 1
+27 1
+1 1
+1 1
+1 1
+1 1
+2 1
+1 1
+2 1
+1 1
+21 1
+1 1
+1 1
+1 1
+1 1
+1 1
+1 1
+1 1
+17 1
+1 1
+1 1
+1 1
+1 1
+1 1
+1 1
2104 1
+3 1
+1 1
+2 1
+1 1
+8 1
+1 1

fn=(94)
98 264
+33 264
+1 264
+2 264
+1 264
+21 264
+1 264
+1 216
+1 216
+1 161
+1 161
+1 161
+1 161
+17 161
+1 161
+1 161
+1 161
+1 161
+1 161
+1 161
+5 11
+1 33
+9 11
+1 11
+1 11
+1 11
+1 11
+1 11
+1 11
+1 11
-7 103
+1 103
+1 103
+1 103
+1 103
+1 103
+1 103
+1 103
+1 112
+1 59
+1 59
+1 59
+2 59
+1 59
+1 59
+1 59
+1 59
+1 59
-5 53
+1 53
+1 53
+1 53
+1 53
+1 53
+10 2
+1 2
+1 2
+2 2
+6 2
+1 2
+1 2
+1 2
+1 2
+5 2
+52 6
+1 6
+1 6
+1 6
+1 6
+2 6
+1 6
+1 6
+1 6
+1 6
+1 6
+1 6
+1 6
+3 6
+1 6
+1 6
+6 6
+1 6
+1 12
+4 6
+1 6
+3 6
+1 6
+1 6
+2 6
+1 6
+1 6
+4 6
+1 6
+1 6
+1 6
+1 6
+1 6
542 7
+1 7
+1 7
+1 7
+1 7
+2 7
+1 7
+1 7
+1 7
+1 7
+1 7
+1 7
661 3
+1 3
+1 3
+1 3
+1 3
+2 3
+1 3
+1 3
+1 3
+1 3
+1 3
+1 3
780 1
+1 1
+1 1
+1 1
+1 1
+2 1
+1 1
+1 1
+1 1
+1 1
+1 1
+1 1
899 3
+1 3
+1 3
+1 3
+1 3
+2 3
+1 3
+1 3
+1 3
+1 3
+1 3
+1 3
+1 2
+4 2
+1 2
+1 2
+6 2
+1 2
+1 4
+4 2
+1 2
+3 2
+1 2
+1 2
+2 2
+1 2
+1 2
+4 2
+1 2
+1 2
+1 2
+1 2
+1 2
+7 1
+1 1
+2 1
+1 1
+2 1
+1 1
+1 1
+2 1
+1 1
+1 1
+4 1
+1 1
+1 1
+1 1
+1 1
+1 1
+41 2
+1 2
+1 2
+1 2
+1 2
+2 2
+1 2
+1 2
+1 2
+1 2
+1 2
+1 2
+1 2
+4 2
+1 2
+1 2
+6 2
+1 2
+1 4
+4 2
+1 2
+3 2
+1 2
+1 2
+2 2
+1 2
+1 2
+4 2
+1 2
+1 2
+1 2
+1 2
+1 2
+69 6
+1 6
+1 6
+1 6
+1 6
+2 6
+1 6
+1 6
+1 6
+1 6
+1 6
+1 6
1256 17
+1 17
+1 17
+1 17
+1 17
+2 17
+1 17
+1 17
+1 17
+1 17
+1 17
+1 17
1375 3
+1 3
+1 3
+1 3
+1 3
+2 3
+1 3
+1 3
+1 3
+1 3
+1 3
+1 3
1494 24
+1 24
+1 24
+1 24
+1 24
+2 24
+1 24
+1 24
+1 24
+1 24
+1 24
+1 24
+1 8
+4 8
+1 8
+1 8
+6 8
+1 8
+1 16
+4 8
+1 8
+3 8
+1 8
+1 8
+2 8
+1 8
+1 8
+4 8
+1 8
+1 8
+1 8
+1 8
+1 8
+69 3
+1 3
+1 3
+1 3
+1 3
+2 3
+1 3
+1 3
+1 3
+1 3
+1 3
+1 3
+1 1
+4 1
+1 1
+1 1
+6 1
+1 1
+1 2
+4 1
+1 1
+3 1
+1 1
+1 1
+2 1
+1 1
+1 1
+4 1
+1 1
+1 1
+1 1
+1 1
+1 1
+7 1
+1 1
+2 1
+1 1
+2 1
+1 1
+1 1
+2 1
+1 1
+1 1
+4 1
+1 1
+1 1
+1 1
+1 1
+1 1
+41 15
+1 15
+1 15
+1 15
+1 15
+2 15
+1 15
+1 15
+1 15
+1 15
+1 15
+1 15
+1 8
+4 8
+1 8
+1 8
+6 8
+1 8
+1 16
+4 8
+1 8
+3 8
+1 8
+1 8
+2 8
+1 8
+1 8
+4 8
+1 8
+1 8
+1 8
+1 8
+1 8
+7 1
+1 1
+2 1
+1 1
+2 1
+1 1
+1 1
+2 1
+1 1
+1 1
+4 1
+1 1
+1 1
+1 1
+1 1
+1 1
+41 4
+1 4
+1 4
+1 4
+1 4
+2 4
+1 4
+1 4
+1 4
+1 4
+1 4
+1 4
+1 3
+4 3
+1 3
+1 3
+6 3
+1 3
+1 6
+4 3
+1 3
+3 3
+1 3
+1 3
+2 3
+1 3
+1 3
+4 3
+1 3
+1 3
+1 3
+1 3
+1 3
+69 18
+1 18
+1 18
+1 18
+1 18
+2 18
+1 18
+1 18
+1 18
+1 18
+1 18
+1 18
+2 2
+4 2
+1 2
+1 2
+6 2
+1 2
+2 4
+4 2
+1 2
+3 2
+1 2
+1 2
+2 2
+1 2
+1 2
+4 2
+1 2
+1 2
+1 2
+1 2
+1 2
+71 32
+2 32
+1 32
+1 32
+1 32
-3 82
+1 82
+1 82
+1 82
+1 118
+5 59
+6 59
+1 59
+8 59
+1 59
-16 205
+6 205
+1 205
+8 205
+1 205

fl=(16) ./elf/../sysdeps/x86/cpu-features.c
fn=(38) get_common_indices.constprop.0
398 3
+4 4
+3 3
+5 2
-5 1
+5 1
-5 1
+4 1
+1 1
+1 4
+1 4
+1 3
+1 2
+7 2
+2 5
+5 1
-5 1
+5 1
-5 1
+5 1
-5 2
+5 1
+7 1
-7 4
+7 1
+1 3
+6 1
-6 4
+6 1
fi=(17) ./elf/../sysdeps/unix/sysv/linux/x86/dl-minsigstacksize.h
24 2
+3 2
+1 2
+37 3
+7 1
+2 1
fe=(16)
457 3

fn=(42) update_active.constprop.0
72 8
+4 1
+10 1
+9 1
+9 1
-19 1
-1 1
+29 1
-4 1
-24 1
+9 1
+9 1
+9 1
-28 2
+25 1
-15 1
-9 1
+9 1
+9 1
+9 1
-3 1
+7 1
-13 1
+9 1
+4 2
-22 1
+22 2
-13 1
+6 1
+3 1
+5 1
+12 1
-8 1
-4 1
+7 1
-3 4
+1 1
+2 1
-2 2
+1 3
+5 1
+2 1
-2 4
+1 1
+1 1
-1 2
+1 1
-1 1
+3 2
+1 4
+14 2
356 2
+4 3
fi=(18) ./elf/../sysdeps/unix/sysv/linux/x86/dl-hwcap2.h
25 2
fe=(16)

ob=(4)
fl=(147)
fn=(470)
0 3

fn=(728)
0 9
cob=(3)
cfi=(144)
cfn=(734) 0x000000000483d030
calls=1 0 
0 80
0 1
cfn=(738)
calls=1 0 
0 5
0 3

ob=(6)
fl=(153)
fn=(756) 0x00000000000010d0
0 5

fn=(500)
0 12

fn=(746)
0 9
cob=(3)
cfi=(144)
cfn=(752) 0x000000000486f0c0
calls=1 0 
0 79
0 1
cfn=(756)
calls=1 0 
0 5
0 3

ob=(1)
fl=(16)
fn=(42)
fi=(19) ./elf/../sysdeps/x86/get-isa-level.h
30 1
-2 1
+2 3
fe=(16)
369 1
+1 8
151 2
+1 2
-1 5
+1 2
+2 3
+90 1
+1 1
-1 2
+17 4
+16 2
+5 1
-1 2
+4 4
+4 2
+4 3
+1 2
+3 1
-1 1
+9 1
-5 1
+2 1
-2 1
+5 1
+51 1
fi=(19)
31 1
fe=(16)
356 2
fi=(19)
32 3
+4 3
fe=(16)
158 4
+3 1
+3 2
+14 1
+2 1
+10 3
-12 1
+12 1
-12 1
+2 2
-2 1
+2 1
+8 1
-8 1
+6 3
+2 1
-2 1
+2 3
+7 5
fi=(19)
39 2
+1 4
-2 1
+7 4
+2 1
+1 2
+3 5
fe=(16)

fn=(36) init_cpu_features.constprop.0
682 1
+17 1
-17 7
+3 1
+1 1
+1 1
+3 1
+9 2
+3 6
1001 3
+1 2
+3 2
+1 2
+6 1
+1 1
+1 1
+1 1
fi=(20) ./elf/../sysdeps/x86/dl-cacheinfo.h
792 1
+1 1
+2 1
+14 2
+85 1
+1 1
+15 1
-5 1
+5 1
-10 1
-6 1
+2 1
+14 1
-15 1
+2 1
-1 1
+2 1
-1 1
+2 1
-1 1
+1 1
+2 1
+1 1
+1 1
+1 1
+35 2
+20 6
+9 2
+19 2
+8 6
cfi=(11)
cfn=(28)
calls=1 387 
* 23
* 1
+2 2
+3 4
cfi=(11)
cfn=(28)
calls=1 387 
* 23
* 1
+2 2
+3 4
cfi=(11)
cfn=(28)
calls=1 387 
* 23
* 1
+1 5
+16 2
-12 5
cfi=(11)
cfn=(28)
calls=1 387 
* 23
* 1
+1 3
+6 3
+3 1
-3 2
cfi=(11)
cfn=(28)
calls=1 387 
* 23
* 1
+3 5
-3 1
+3 5
cfi=(11)
cfn=(58) __GI___tunable_set_val
calls=1 153 
* 62
+1 10
cfi=(11)
cfn=(58)
calls=1 153 
* 62
+1 11
cfi=(11)
cfn=(58)
calls=1 153 
* 62
+3 10
cfi=(11)
cfn=(58)
calls=1 153 
* 62
+2 10
cfi=(11)
cfn=(58)
calls=1 153 
* 62
+13 1
+2 1
fe=(16)
-23 1
fi=(20)
+21 1
+3 1
fe=(16)
-24 1
fi=(20)
+26 1
-5 1
+2 1
-2 1
+3 1
fe=(16)
-24 1
fi=(20)
+25 1
+3 1
-1 1
fe=(16)
-27 1
cfi=(11)
cfn=(28)
calls=1 387 
* 22
+3 4
cfi=(11)
cfn=(28)
calls=1 387 
* 24
+6 3
+54 1
-1 1
+1 1
+45 4
cfi=(11)
cfn=(28)
calls=1 387 
* 22
+2 4
cfi=(11)
cfn=(28)
calls=1 387 
* 22
+6 4
cfi=(11)
cfn=(28)
calls=1 387 
* 24
+7 8
fi=(20)
974 12
fe=(16)
+68 1
-1 2
+1 3
+44 3
+17 2
fi=(20)
811 2
cfn=(50) handle_intel.constprop.0
calls=1 255 
* 454
+1 1
-1 1
+1 1
cfn=(50)
calls=1 255 
* 502
+1 1
-1 1
+1 1
cfn=(50)
calls=1 255 
* 529
+4 1
-4 1
+1 2
+3 1
cfn=(50)
calls=1 255 
* 475
+2 1
-2 1
+2 1
cfn=(50)
calls=1 255 
* 467
+3 1
-3 1
+1 2
+2 1
cfn=(50)
calls=1 255 
* 445
+2 1
-2 1
+2 1
cfn=(50)
calls=1 255 
* 446
+3 1
-2 1
-1 1
+3 1
cfn=(50)
calls=1 255 
* 493
+2 1
-2 1
+2 1
cfn=(50)
calls=1 255 
* 494
+1 1
+2 1
-3 1
+1 1
+2 1
cfn=(50)
calls=1 255 
* 520
+2 1
-2 1
+2 1
cfn=(50)
calls=1 255 
* 521
+2 1
-2 1
+2 1
cfn=(50)
calls=1 255 
* 522
+2 4
-2 1
+2 1
cfn=(56) get_common_cache_info.constprop.0
calls=1 571 
* 222
+93 1
-6 3
+6 1
-6 2
+6 2
-6 2
+6 2
-1 2
fe=(16)
708 6
cfn=(38)
calls=1 398 
* 74
376 3
+1 2
+1 6
+5 2
713 1
cfn=(42)
calls=1 72 
* 205
+2 1
+2 1
1015 1
715 2
878 2
+7 2
+2 2
+4 2
+6 2
+2 1
706 2
-3 1
893 3
384 6
+5 2
+1 7
717 1
fi=(20)
987 1
-48 1
fe=(16)
717 1
fi=(20)
987 2
fe=(16)
717 6
+4 7
+78 1
-25 3
fi=(20)
907 1
fe=(16)
-37 1
-89 2
+51 5

fl=(49) ./elf/./elf/dl-catch.c
fn=(234) _dl_receive_error
186 2
58 1
186 4
+2 1
-2 1
58 1
+1 1
+11 1
192 1
+2 1
cfi=(2)
cfn=(236) version_check_doit
calls=1 674 
* 5877
69 2
+1 1
198 1
-1 1
+1 3

fn=(158) _dl_catch_exception
204 48
58 8
204 16
+3 16
+22 8
-1 8
+1 8
58 16
235 24
cfi=(50) ./setjmp/../sysdeps/x86_64/setjmp.S
cfn=(160) __sigsetjmp
calls=8 31 
* 192
* 24
+2 24
cfi=(63) ./elf/./elf/dl-deps.c
cfn=(204) openaux
calls=7 61 
* 17385
cfi=(2)
cfn=(162) map_doit
calls=1 641 
* 2662
69 8
+1 8
-1 8
+1 8
239 32
-25 8
+34 24
59 16
+11 24

fn=(156) _dl_catch_error
254 6
+2 1
-2 6
+2 1
cfn=(158)
calls=1 -52 
* 2728
+1 2
+1 1
+1 1
-1 1
+1 1
+2 6

fl=(14)
fn=(30)
36 1
fi=(180) ./elf/../sysdeps/unix/sysv/linux/brk_call.h
-12 2
fe=(14)
+13 1
+1 2
+6 1
+1 1

fl=(42)
fn=(128)
132 9
+1 45
+5 9
+1 9
+3 3
+1 3
+2 1
+1 1
+1 1
+97 2
+1 2
+12 2
+3 2
+1 2
+12 2
+1 2
+13 2
+1 2
+2 2
+3 1
+3 2
+3 1
+1 1
+1 1
+1 1
+1 1
+1 1
+1 1
-6 34
+1 34
+1 34
+1 34
+1 34
+1 34
+1 34
+3 2
+1 2
+1 2
+1 2
+5 2
+34 6
+2 6
+1 6
+39 6
+1 6
+2 6

fl=(7) ./elf/./elf/dl-minimal.c
fn=(12) __rtld_malloc_init_stubs
42 1
+1 2
+1 2
+1 2
+1 2
+1 1

fn=(132) strsep
239 2
+3 4
+2 2
+1 4
+4 3
-2 2
+4 28
+5 84
-2 56
+13 1
+4 4
-22 14
+15 14
-15 30

fn=(420) lookup_malloc_symbol
61 8
+3 4
-3 12
+3 4
-3 12
+3 4
-3 4
+2 4
+1 16
cfi=(77)
cfn=(268)
calls=4 772 
* 2540
+4 28
+1 28
+2 4
fi=(135) ./elf/./dl-sym-post.h
-30 8
+12 12
fe=(7)
+19 24

fn=(416) __rtld_malloc_init_real
76 2
+10 1
fi=(134) ./elf/../sysdeps/generic/dl-hash.h
-41 1
-1 1
fe=(7)
+32 8
+11 1
-1 1
fi=(134)
-43 1
+5 3
+14 4
-17 3
+3 15
+14 20
-17 15
fe=(7)
+46 2
fi=(134)
-24 1
fe=(7)
+22 1
+2 2
fi=(134)
-19 1
fe=(7)
+19 1
cfn=(420)
calls=1 -30 
* 660
+1 3
-1 1
+1 1
cfn=(420)
calls=1 -31 
* 649
+1 3
-1 1
+1 1
cfn=(420)
calls=1 -32 
* 734
+1 3
-1 1
+1 1
cfn=(420)
calls=1 -33 
* 669
+5 1
+1 1
+1 1
+1 1
+1 8

fl=(13)
fn=(232) dfs_traversal.part.0
135 90
+10 10
-2 10
+2 20
+2 28
-7 36
+7 64
+9 20
+15 30
+1 10
+1 66
cfn=(233) dfs_traversal.part.0'2
calls=2 -38 
* 85
-26 10
+9 15

fn=(233)
135 18
+10 2
-2 2
+2 4
+2 8
-7 8
+7 16
+9 4
+15 6
+1 2
+1 12
-17 3

fn=(26)
289 2
+1 2
-1 2
+1 2
cfi=(11)
cfn=(28)
calls=1 +97 
* 24
+2 3
-1 1
+2 2

fn=(230) _dl_sort_maps
298 24
+8 2
-8 2
+8 4
+4 16
-99 2
-28 2
-2 2
+1 4
+29 2
-28 8
+1 2
-1 2
+1 2
-1 4
+1 10
-1 10
+1 10
-1 20
+28 30
+8 6
-3 2
+2 2
+1 4
-3 2
+5 38
+2 12
-83 54
cfn=(232)
calls=10 -5 
* 494
+86 34
+18 8
+32 8
+7 2
+27 2
-47 6
cfi=(29)
cfn=(82)
calls=2 -53 
* 38
* 2

fl=(72) ./elf/./elf/dl-version.c
fn=(238) _dl_check_all_versions
392 7
+4 5
-2 1
+4 36
cfn=(240) _dl_check_map_versions
calls=6 155 
* 5764
-2 6
+2 18
-1 6
-1 12
+5 7

fn=(240)
155 60
+15 18
+2 30
+2 6
+1 6
+2 12
+3 8
-16 8
+20 4
-4 4
-24 4
+28 28
+16 8
36 4
200 4
36 28
+1 17
-1 34
+2 63
cfi=(51)
cfn=(166) _dl_name_match_p
calls=21 +30 
* 2322
* 46
208 12
+5 4
fi=(181) ./elf/../sysdeps/generic/_itoa.h
76 12
fe=(72)
213 8
+4 8
+1 8
-1 8
+4 4
-3 4
+3 4
-3 12
-1 6
+1 6
-1 6
+4 3
-3 3
+3 3
-3 19
56 28
+8 21
+6 21
+16 7
+1 14
+2 7
+5 49
+14 106
+12 138
+4 46
-30 92
231 28
+3 21
+5 3
-24 3
110 7
+3 35
cfi=(32)
cfn=(94)
calls=7 -15 
* 175
* 21
224 21
+4 8
+15 12
+14 20
+3 4
+3 14
+3 8
+4 2
-7 8
+3 6
+4 44
-7 176
+3 134
+8 6
+6 10
fi=(28)
44 5
fe=(72)
280 10
fi=(28)
44 5
cfi=(27)
cfn=(74)
calls=5 +36 
* 205
fe=(72)
281 10
-2 5
fi=(28)
44 5
fe=(72)
281 5
+13 5
-3 5
+3 20
+2 10
+3 16
+4 12
+7 7
+1 7
-1 21
+1 7
+1 7
-2 7
+2 14
+1 21
+3 21
+5 3
-15 3
+2 3
-2 3
+2 3
-2 3
+2 6
-2 4
+2 4
-2 4
+2 4
-2 4
+2 8
+16 12
+10 8
+3 4
+4 46
+6 46
+1 46
+1 46
-1 138
+1 46
-1 46
+1 46
+1 46
+3 138
+4 46
-14 96
+10 6
+12 4
+1 8
+1 8
+1 2
+19 54
164 2
-8 2
257 5
+17 9
+60 2
-40 2
+76 4
+2 4
+4 2
-4 120
+1 60
+2 1
+1 2
-1 1
+1 1
cfi=(32)
cfn=(242)
calls=1 98 
* 32
* 2

fl=(24)
fn=(86)
42 12
+2 24

fn=(68) __tls_pre_init_tp
53 3
+3 8
+5 1
-5 1
+5 1
+1 1
-6 1
+8 1

fn=(254) __tls_init_tp
68 2
fi=(182) ./elf/../include/list.h
-24 1
fe=(24)
+24 3
fi=(182)
-25 1
fe=(24)
+26 1
+3 1
fi=(182)
-29 1
+1 1
+1 1
+2 1
fe=(24)
+28 4
+1 2
+1 1
+5 2
+5 1
+6 1
-3 1
+3 1
-6 3
+6 1
+12 4
cfi=(11)
cfn=(28)
calls=1 387 
* 24
fi=(74) ./elf/../sysdeps/unix/sysv/linux/rseq-internal.h
-73 3
+8 1
fe=(24)
+81 3
+7 2
+1 3
fi=(74)
-95 7
+3 2
fe=(24)

fl=(162)
fn=(548)
46 231
+2 105
+1 21
+6 21
fi=(183) ./elf/../sysdeps/x86_64/dl-runtime.h
-27 21
fe=(162)
+21 21
+5 21
+1 21
-6 21
+6 42
+1 21
+2 21
-2 21
+2 21
-2 105
+7 42
+4 42
+4 21
-2 21
+2 42
+4 63
+1 84
+1 63
-8 20
+16 20
-1 20
+1 41
-1 1
+1 2
+10 210
cfi=(77)
cfn=(268)
calls=21 772 
* 10478
* 21
+4 105
+10 210
+15 84
+9 63
+26 63
fi=(6)
+75 21
fe=(162)
-71 168
fi=(163) ./elf/../sysdeps/x86_64/dl-irel.h
32 1
cob=(2)
cfi=(87) ./string/../sysdeps/x86_64/multiarch/memset.c
cfn=(292) memset
calls=1 -3 
* 18
fe=(162)
+93 2

fl=(11)
fn=(58)
153 15
-81 40
+81 15
-81 10
+10 5
fi=(184) ./elf/./dl-tunable-types.h
+2 5
fe=(11)
+9 40
+1 25
fi=(12) ./elf/./elf/dl-tunables.h
+47 10
fe=(11)
-26 25
+1 5
+1 5
+1 5
+39 15
fi=(12)
-15 10
fe=(11)
-45 10
+3 5
fi=(12)
+51 5
fe=(11)
-51 5
+4 10
+7 10
+1 10
-12 25

fn=(28)
387 26
+3 52
-3 26
+3 208
+9 23
-9 46
+19 14
+7 156
+2 26
-19 12
+1 12
+9 6

fn=(22)
261 8
+22 1
-22 1
128 1
283 1
-22 1
+6 4
42 345
+6 68
-3 68
+3 7590
+4 136
+4 136
fi=(12)
160 68
fe=(11)
56 136
fi=(12)
161 44
-1 200
+1 248
-1 136
fe=(11)
281 11152
+6 20196
fi=(12)
160 680
+1 1360
-1 57
+1 228
-1 285
fe=(11)
304 8

fl=(20)
fn=(52) intel_check_word.constprop.0
123 48
-4 72
+10 24
-10 96
+10 48
-10 24
+10 24
-10 24
+10 24
+2 48
+71 48
fi=(21) ./elf/../bits/stdlib-bsearch.h
32 24
fe=(20)
202 120
-71 96
+2 60
+2 120
+8 120
+51 96
+22 48
fi=(21)
28 48
-1 96
+2 192
+2 168
+1 84
fe=(20)
+78 168
+3 324
fi=(21)
-78 276
-6 552
+2 480
+1 240
fe=(20)
+78 480
+15 12
246 144
fi=(21)
37 96
fe=(20)
155 36
+3 36
-6 12
+3 39
+9 18
+23 21
-32 63
+3 63
+4 58
+2 116
+3 84
+1 48
+1 48
+1 30
+2 11
+2 22
+6 14
+3 8
+1 12
-20 15
+12 4
+2 4
+1 4
-2 4
-1 4
+2 8
-2 4
+3 4
-2 12
+2 12
+11 2
-9 12

fn=(50)
255 24
-5 12
+17 12
-17 96
+11 12
+1 12
+5 36
+4 24
+34 96
-29 12
+3 24
-3 12
+3 36
cfn=(52)
calls=12 123 
* 4080
+2 24
+3 60
cfn=(52)
calls=12 123 
* 1272
+2 24

fn=(56)
571 11
+17 1
+1 1
+9 1
-12 1
+2 1
+2 1
+8 1
-11 1
+3 1
+11 2
-5 3
+17 1
+5 3
+4 2
770 5
+1 5
+4 2
+8 1
-1 1
+1 1
+1 1
+1 7
627 5
+3 6
-32 5
+75 4
+8 5
+2 2
-2 1
+6 3
+3 1
+1 5
-4 4
+21 2
-21 4
+2 1
+2 4
-4 1
+6 4
+3 2
+5 1
+2 2
+1 1
+1 1
-2 2
+1 1
-19 4
+46 2
+3 1
+25 3
630 3
+10 6
+14 2
+4 1
+3 1
+1 1
-4 2
+3 3
+6 4
-37 12
+7 6
-7 3
+7 2
+3 20
+5 2
+4 1
+1 1
-1 2
+1 1
+61 2
+7 1
+2 2
-16 1
+22 1
-6 2
+1 1
+5 1
-30 5
+37 2

fl=(76) ./elf/./elf/dl-reloc.c
fn=(260) _dl_relocate_object
207 77
+1 14
+12 6
+4 24
-4 6
+6 18
+3 6
-1 6
+1 12
+22 30
+4 10
+7 15
fi=(6)
81 26
+6 12
+4 9
+17 3
-11 3
+11 6
+21 6
+5 12
-2 6
fi=(4)
-53 3
fe=(76)
301 6
fi=(4)
79 6
fe=(76)
301 6
fi=(4)
79 3
fe=(76)
301 6
fi=(4)
79 6
fe=(76)
301 9837
fi=(4)
79 1
fe=(76)
301 1
fi=(4)
79 2
fe=(76)
301 248
-80 12
fi=(6)
393 12
fe=(76)
190 6
+31 6
-31 6
fi=(6)
393 18
fi=(5) ./elf/./elf/do-rel.h
49 6
fe=(76)
301 6
fi=(5)
50 6
+30 6
-31 12
+4 6
-3 6
+3 6
-3 6
+3 18
+27 12
-31 6
fe=(76)
301 6
fi=(5)
50 6
+30 6
-31 12
+4 6
-3 6
+3 6
-3 6
+3 18
+27 12
-7 3
-1 3
+11 24
fi=(6)
514 126
+4 126
+3 189
+1 63
fi=(5)
83 189
+2 252
+11 18
fe=(76)
301 36
fi=(5)
51 6
fi=(4)
+28 30
fi=(6)
730 12
+4 4
fe=(76)
304 30
+24 6
+3 12
+17 18
+2 56
-98 12
+3 2
+7 1
-9 1
+9 2
fi=(6)
81 2
fi=(5)
+33 27
+9 18
+1 4
fi=(6)
498 4
fi=(5)
124 4
fi=(6)
498 8
fi=(5)
124 22
fi=(6)
498 22
fi=(5)
124 22
fi=(6)
498 44
+5 52
+1 26
fi=(5)
123 26
fi=(6)
504 26
-5 26
fi=(5)
123 52
+3 27
+3 28
+2 26
fe=(76)
+59 10
fi=(5)
73 5
fe=(76)
190 5
fi=(5)
72 5
fe=(76)
190 45
fi=(5)
-57 10
+1 5
+1 5
-2 5
+2 5
+3 5
-5 5
+2 5
-2 5
+1 10
+2 5
-2 5
+2 15
+2 10
-5 318
+1 159
+1 159
-2 159
+2 159
+3 159
-5 159
+2 159
-2 159
+1 318
+2 159
-2 159
+2 477
+2 318
+9 117
fi=(6)
267 234
+7 234
+4 234
fe=(76)
170 468
fi=(4)
-30 306
fe=(76)
+31 204
+3 204
+8 190
-8 849
+12 188
-3 94
+1 94
+2 378
-3 1
+1 1
+2 99
+1 95
-1 95
+2 190
-1 380
+3 570
cfi=(77)
cfn=(268)
calls=95 772 
* 60374
+3 95
+1 190
-4 95
+4 475
fi=(6)
+93 399
+3 93
-3 294
+3 108
-3 108
+5 216
+25 702
423 24
fi=(5)
150 24
fi=(6)
423 186
fi=(5)
150 311
-19 671
+33 20
+1 64
+1 189
+3 94
+4 47
-1 47
-3 47
+2 94
+2 47
-2 94
fe=(76)
-1 188
fi=(6)
287 47
+3 47
-3 47
+4 94
476 94
+2 47
cfi=(15)
cfn=(428) __x86_cpu_features
calls=1 71 
* 6
cob=(2)
cfi=(130) ./string/../sysdeps/x86_64/multiarch/strncase.c
cfn=(398) strncasecmp
calls=1 31 
* 15
cob=(2)
cfi=(129) ./string/../sysdeps/x86_64/multiarch/mempcpy.c
cfn=(394) mempcpy
calls=1 33 
* 21
cob=(2)
cfi=(127) ./wcsmbs/../sysdeps/x86_64/multiarch/wcpcpy.c
cfn=(390) wcpncpy
calls=1 31 
* 9
cob=(2)
cfi=(126) ./string/../sysdeps/x86_64/multiarch/strspn.c
cfn=(388) strspn
calls=1 29 
* 7
cob=(2)
cfi=(125) ./string/../sysdeps/x86_64/multiarch/memchr.c
cfn=(386) memchr
calls=1 29 
* 9
cob=(2)
cfi=(124) ./string/../sysdeps/x86_64/multiarch/memmove.c
cfn=(382) memmove
calls=1 29 
* 21
cob=(2)
cfi=(123) ./string/../sysdeps/x86_64/multiarch/stpcpy.c
cfn=(378) stpcpy
calls=1 33 
* 11
cob=(2)
cfi=(122) ./debug/../sysdeps/x86_64/multiarch/memmove_chk.c
cfn=(374) __memmove_chk
calls=1 29 
* 21
cob=(2)
cfi=(121) ./wcsmbs/../sysdeps/x86_64/multiarch/wmemcmp.c
cfn=(372) wmemcmp
calls=1 29 
* 8
cob=(2)
cfi=(120) ./string/../sysdeps/x86_64/multiarch/strncpy.c
cfn=(370) strncpy
calls=1 29 
* 7
cob=(2)
cfi=(119) ./string/../sysdeps/x86_64/multiarch/strlen.c
cfn=(368) strlen
calls=1 29 
* 10
cob=(2)
cfi=(97) ./wcsmbs/../sysdeps/x86_64/multiarch/wcscat.c
cfn=(366) wcscat
calls=1 31 
* 9
cob=(2)
cfi=(118) ./string/../sysdeps/x86_64/multiarch/strcasecmp_l.c
cfn=(362) strcasecmp_l
calls=1 31 
* 15
cob=(2)
cfi=(117) ./string/../sysdeps/x86_64/multiarch/strcpy.c
cfn=(358) strcpy
calls=1 29 
* 11
cob=(2)
cfi=(116) ./wcsmbs/../sysdeps/x86_64/multiarch/wmemset.c
cfn=(356) wmemset
calls=2 31 
* 14
cob=(2)
cfi=(115) ./string/../sysdeps/x86_64/multiarch/memcmp.c
cfn=(354) bcmp
calls=1 29 
* 8
cob=(2)
cfi=(114) ./string/../sysdeps/x86_64/multiarch/strchrnul.c
cfn=(352) strchrnul
calls=1 31 
* 10
cob=(2)
cfi=(113) ./string/../sysdeps/x86_64/multiarch/strncase_l.c
cfn=(348) strncasecmp_l
calls=1 31 
* 15
cob=(2)
cfi=(111) ./string/../sysdeps/x86_64/multiarch/strcat.c
cfn=(344) strcat
calls=1 29 
* 11
cob=(2)
cfi=(110) ./wcsmbs/../sysdeps/x86_64/multiarch/wcscpy.c
cfn=(342) wcscpy
calls=1 60 
* 12
cob=(2)
cfi=(109) ./string/../sysdeps/x86_64/multiarch/strcspn.c
cfn=(340) strcspn
calls=1 29 
* 7
cob=(2)
cfi=(107) ./string/../sysdeps/x86_64/multiarch/strcasecmp.c
cfn=(336) strcasecmp
calls=1 31 
* 15
cob=(2)
cfi=(106) ./string/../sysdeps/x86_64/multiarch/strncmp.c
cfn=(334) strncmp
calls=1 67 
* 15
cob=(2)
cfi=(105) ./wcsmbs/../sysdeps/x86_64/multiarch/wmemchr.c
cfn=(332) wmemchr
calls=2 31 
* 18
cob=(2)
cfi=(104) ./string/../sysdeps/x86_64/multiarch/stpncpy.c
cfn=(330) stpncpy
calls=1 31 
* 7
cob=(2)
cfi=(103) ./wcsmbs/../sysdeps/x86_64/multiarch/wcscmp.c
cfn=(328) wcscmp
calls=1 30 
* 10
cob=(2)
cfi=(102) ./string/../sysdeps/x86_64/multiarch/strrchr.c
cfn=(326) rindex
calls=1 28 
* 10
cob=(2)
cfi=(100) ./debug/../sysdeps/x86_64/multiarch/memset_chk.c
cfn=(322) __memset_chk
calls=1 29 
* 18
cob=(2)
cfi=(99) ./string/../sysdeps/x86_64/multiarch/strchr.c
cfn=(320) index
calls=1 65 
* 13
cob=(2)
cfi=(97)
cfn=(316) wcschr
calls=2 31 
* 20
cob=(2)
cfi=(95) ./string/../sysdeps/x86_64/multiarch/memcmpeq.c
cfn=(312) memcpy@@GLIBC_2.14
calls=1 29 
* 21
cob=(2)
cfi=(94) ./wcsmbs/../sysdeps/x86_64/multiarch/wcsncpy.c
cfn=(310) wcsncpy
calls=1 31 
* 9
cob=(2)
cfi=(93) ./string/../sysdeps/x86_64/multiarch/memrchr.c
cfn=(308) memrchr
calls=1 29 
* 10
cob=(2)
cfi=(92) ./debug/../sysdeps/x86_64/multiarch/memcpy_chk.c
cfn=(304) __memcpy_chk
calls=1 29 
* 21
cob=(2)
cfi=(90) ./debug/../sysdeps/x86_64/multiarch/mempcpy_chk.c
cfn=(300) __mempcpy_chk
calls=1 29 
* 21
cob=(2)
cfi=(89) ./wcsmbs/../sysdeps/x86_64/multiarch/wcslen.c
cfn=(296) wcslen
calls=1 29 
* 12
cob=(2)
cfi=(87)
cfn=(292)
calls=1 29 
* 18
cob=(2)
cfi=(85) ./wcsmbs/../sysdeps/x86_64/multiarch/wcsnlen.c
cfn=(288) wcsnlen
calls=1 30 
* 12
cob=(2)
cfi=(84) ./string/../sysdeps/x86_64/multiarch/strcmp.c
cfn=(286) strcmp
calls=1 79 
* 14
cob=(2)
cfi=(83) ./string/../sysdeps/x86_64/multiarch/strpbrk.c
cfn=(284) strpbrk
calls=1 29 
* 7
cob=(2)
cfi=(82) ./string/../sysdeps/x86_64/multiarch/strnlen.c
cfn=(282) strnlen
calls=2 31 
* 20
cob=(2)
cfi=(80) ./string/../sysdeps/x86/cacheinfo.c
cfn=(278) __x86_cacheinfo
calls=1 86 
* 28
fi=(5)
165 47
fi=(6)
479 47
fi=(5)
165 100
-14 48
fi=(6)
400 48
+2 64
+4 16
+9 16
-9 32
+9 16
fi=(5)
150 32
fi=(6)
320 16
+3 16
-36 75
fi=(5)
141 47
+1 47
-1 141
+2 47
fi=(6)
287 235
fe=(76)
175 63
+3 7
-1 7
+19 7
-18 14
301 9
+55 30
+3 6
-3 6
+3 6
+4 12
+1 24
cfi=(131)
cfn=(402)
calls=6 117 
* 36
* 12
-63 3
fi=(5)
180 7
fe=(76)
+10 2
fi=(5)
73 1
fe=(76)
190 3
fi=(6)
436 7
fi=(5)
182 2
+1 2
-1 1
+3 1
-3 4
+3 2
-3 10
+1 10
-1 5
+3 5
-3 20
+3 10
+8 6
fi=(6)
+74 12
+7 12
+4 12
fe=(76)
170 24
fi=(4)
-30 18
fe=(76)
+31 12
+3 12
+8 12
-8 54
+12 12
-3 6
+1 6
+2 36
+4 24
-4 6
+4 18
cfi=(77)
cfn=(268)
calls=6 772 
* 3485
+3 6
+1 12
-4 6
+4 30
fi=(6)
+93 20
+3 2
-3 6
+3 2
-3 2
+5 4
+25 36
423 6
fi=(5)
196 18
-16 24
+31 7
fe=(76)
-33 7
-3 21

fl=(167) ./elf/./elf/dl-fini.c
fn=(694) _dl_fini
26 5
+17 1
-17 6
+20 13
+3 2
cob=(2)
cfi=(168) ./nptl/./nptl/pthread_mutex_lock.c
cfn=(696) pthread_mutex_lock@@GLIBC_2.2.5
calls=1 +28 
* 44
+2 1
+3 2
+2 5
+7 3
-2 1
+2 1
cfi=(47)
cfn=(448)
calls=1 -22 
* 11
+5 15
+5 1
-5 1
+5 3
+2 12
+2 12
+2 12
+1 6
+1 6
+4 6
-12 18
+14 6
+1 4
+6 6
cfi=(13)
cfn=(230)
calls=1 298 
* 465
+9 2
cob=(2)
cfi=(169) ./nptl/./nptl/pthread_mutex_unlock.c
cfn=(698) pthread_mutex_unlock@@GLIBC_2.2.5
calls=1 367 
* 34
+5 6
+2 1
+2 2
-2 5
+2 10
+2 24
cfi=(170)
cfn=(700)
calls=6 -90 
* 607
+3 12
cfi=(47)
cfn=(726)
calls=6 -20 
* 30
-9 12
+14 6
-14 18
+18 3
cfi=(47)
cfn=(448)
calls=1 -85 
* 11
* 2
+6 4
+2 1
-2 2
+6 2
+7 8
-77 2

fl=(52) ./io/../sysdeps/unix/sysv/linux/open64_nocancel.c
fn=(170) __open_nocancel
28 18
+3 9
-3 18
+3 54
+8 63
+2 10
-2 12
+2 8

fl=(50)
fn=(160)
31 8
+2 8
+9 8
+1 16
+1 8
+4 8
+1 8
+1 8
+1 8
+1 8
+2 16
+2 8
+1 8
+1 8
+2 16
+2 8
+8 8
+3 8
+1 8
+7 8
+1 8

fl=(25) ./elf/./elf/dl-environ.c
fn=(70) _dl_next_ld_env_entry
28 3
+1 3
+3 76
+13 66
-13 132
+2 136
+1 18
+5 2
-3 2
+3 2
+2 2

fl=(27)
fn=(140) __minimal_free
97 1
+2 4

fn=(74)
80 12
+4 12
-4 48
+7 12
+1 36
fi=(28)
-32 12
cfi=(27)
cfn=(78)
calls=12 -20 
* 522
fe=(27)

fn=(78)
36 272
+1 102
+11 99
+3 33
-3 33
+3 66
-3 2
+3 1
-3 1
+3 130
+19 34
+1 34
+2 204
-17 8
+1 4
+2 2
+1 14
cfi=(56)
cfn=(180)
calls=2 -13 
* 52
* 2
+2 4
+2 8
cfi=(57)
cfn=(182)
calls=2 -31 
* 56
+1 6
+2 2
+4 2
-4 4
-24 1
-1 1
+1 1
+1 2
-2 2

fl=(30) ./elf/./elf/dl-load.c
fn=(164) _dl_map_object
1967 96
+8 16
+1 32
+3 172
+5 224
+2 96
cfi=(51)
cfn=(166)
calls=32 68 
* 3781
* 64
+4 56
+1 84
+4 7
-1 35
+1 7
+1 7
-1 7
+1 14
cfi=(32)
cfn=(94)
calls=7 98 
* 250
* 14
2270 76
2011 12
-1 8
+9 4
-50 4
+50 8
+17 8
-2 4
+2 4
cfi=(41)
cfn=(118)
calls=4 32 
* 96
* 8
2202 2
-1 3
cfn=(134) expand_dynamic_string_token
calls=1 385 
* 175
+6 1
-7 1
+1 1
+2 2
+4 7
cfn=(168) open_verify.constprop.0
calls=1 1572 
* 106
+3 2
-3 1
+3 1
+12 4
+45 1
+1 5
-1 1
+1 8
cfn=(174) _dl_map_object_from_fd
calls=1 944 
* 1940
-1 3
+1 15
-1 3
+1 24
cfn=(174)
calls=3 944 
* 5835
* 12
2040 6
cfi=(22)
cfn=(62)
calls=3 57 
* 51
* 6
+2 6
+7 12
+51 39
cfn=(206) open_path
calls=3 1812 
* 905
+6 3
-6 3
+6 6
2222 12
+46 6
682 3
2107 3
682 6
2135 6
cfi=(66)
cfn=(212)
calls=3 403 
* 4910
* 3
+2 6
+4 6
+31 3
-23 6
+23 21
cfn=(168)
calls=3 1572 
* 349
+4 6
-4 3
+4 3
+1 3
+17 6
2074 15
682 3
2075 3
682 9
2099 6
+1 6
-47 3
+1 3
696 15
2058 9
682 3
2059 3
682 6
2073 15
+1 6
+41 3
+14 6
+2 9
-47 6

fn=(168)
1572 80
+32 8
-32 16
+32 16
+19 32
cfi=(52)
cfn=(170)
calls=8 28 
* 172
* 8
+2 16
+8 4
+1 8
+5 4
-5 4
+5 20
cfi=(53)
cfn=(172)
calls=4 25 
* 24
+2 8
+2 8
+2 8
+6 8
+17 52
+81 8
+5 8
+6 16
+6 8
+6 4
+1 4
-1 12
+1 12
+26 72
-22 13
+1 2
-1 1
+1 1
cfi=(69) ./io/../sysdeps/unix/sysv/linux/pread64_nocancel.c
cfn=(222) __pread64_nocancel
calls=1 25 
* 7
* 2
1668 3
-59 8
1777 2

fn=(134)
385 18
241 4
385 2
241 2
cfi=(41)
cfn=(118)
calls=2 32 
* 72
+3 4
410 2
-11 2
+11 12
-11 2
cfi=(43)
cfn=(136)
calls=2 40 
* 180

fn=(106) _dl_init_paths
706 11
+14 1
-14 2
+14 2
cfi=(37) ./elf/./elf/dl-hwcaps.c
cfn=(108) _dl_important_hwcaps
calls=1 172 
* 1034
fi=(28)
56 1
fe=(30)
720 1
fi=(28)
56 1
cfi=(27)
cfn=(78)
calls=1 -20 
* 30
fe=(30)
725 1
+2 3
+8 2
-1 3
+5 3
fi=(28)
56 1
cfi=(27)
cfn=(78)
calls=1 -20 
* 30
fe=(30)
739 1
+2 4
+7 1
+8 1
+2 1
+12 2
-23 1
+9 1
+11 1
-4 1
-5 1
+3 2
+7 2
+2 2
-11 1
+11 3
-8 1
+4 1
+1 3
+1 16
cfi=(42)
cfn=(128)
calls=4 132 
* 56
+2 15
-14 3
+10 3
+4 9
-12 3
-2 3
+2 3
+4 3
-3 3
+3 3
+1 3
-2 3
+5 9
+1 6
+3 1
+15 1
-8 1
+5 1
-6 1
+9 2
+2 4
+2 3
+36 5
+2 2
cfi=(22)
cfn=(62)
calls=1 57 
* 17
* 9
-19 1
-2 1
+2 2
+19 9
cfi=(29)
cfn=(82)
calls=1 210 
* 11
* 1
+5 4
-1 2
+2 1
+1 2
-2 4
+1 13
+1 26
-2 52
+5 1
fi=(28)
56 1
cfi=(27)
cfn=(78)
calls=1 -20 
* 30
fe=(30)
836 1
fi=(28)
56 1
fe=(30)
838 2
+6 6
cfn=(130) fillin_rpath.isra.0
calls=1 468 
* 580
+3 3
+6 1
+4 8
-35 2
+5 2

fn=(130)
468 9
+4 1
-4 8
+6 3
cfi=(7)
cfn=(132)
calls=1 239 
* 240
* 3
cfi=(7)
cfn=(132)
calls=1 239 
* 8
* 6
+7 2
+2 3
cfn=(134)
calls=1 -98 
* 125
* 1
+4 2
+5 2
cfi=(22)
cfn=(62)
calls=1 57 
* 17
* 1
+1 2
+7 5
+9 15
+1 8
fi=(28)
50 2
cfi=(27)
cfn=(140)
calls=1 +47 
* 5
+1 1
fe=(30)
528 4
+4 4
fi=(28)
56 1
cfi=(27)
cfn=(78)
calls=1 -20 
* 30
* 1
fe=(30)
534 2
+5 1
+1 2
-1 1
-1 1
+2 1
cfi=(29)
cfn=(124)
calls=1 197 
* 13
+3 1
-3 1
+1 1
+2 1
+6 1
+1 1
-1 3
+1 5
+1 1
-1 1
+1 1
-1 3
+1 1
-1 2
+3 2
+1 3
+1 1
+6 2
+1 1
+3 3
-60 2
-22 2
+88 1
+3 8
-24 2

fn=(206)
1812 24
+1 3
-1 9
+1 3
+6 6
+5 51
+67 6
-74 3
+7 9
+57 3
-65 3
+65 3
+10 6
-64 6
+8 18
+7 6
-11 3
+12 3
-1 12
cfi=(29)
cfn=(124)
calls=3 197 
* 39
+1 30
+50 4
-2 8
-48 24
+3 12
+5 28
cfi=(29)
cfn=(124)
calls=4 197 
* 52
* 16
cfi=(29)
cfn=(124)
calls=4 197 
* 52
+3 8
+6 12
+3 28
cfn=(168)
calls=4 1572 
* 224
* 4
+2 12
+2 4
+93 27
-88 4
+1 14
+6 2
+2 4
-2 4
+2 2
cfi=(64)
cfn=(208)
calls=2 28 
* 30
* 2
+3 2
-3 4
+1 2
+9 8
+2 1
-2 1
+2 4
+44 24
+6 6
-2 3
+2 6
+3 9
1822 6
+2 6

fn=(202) _dl_dst_count
238 14
+3 7
-3 35
+7 7
-7 14
+3 7
cfi=(41)
cfn=(118)
calls=7 32 
* 192
+3 14
+20 63

fn=(88) _dl_process_pt_gnu_property
868 3
+8 3
-8 6
+8 3
-6 3
+12 6
-13 3
+13 3
-13 3
+13 6
+3 9
+1 6
+1 6
+3 9
+1 9
+4 3
+1 6
+22 2
+2 2
-2 4
+2 6
-20 8
+1 4
+3 8
+3 4
+1 16
fi=(31) ./elf/../sysdeps/x86/dl-prop.h
95 16
+7 8
+16 4
-3 8
254 4
+1 2
+2 8
+3 2
-8 4
+5 2
-4 2
+4 6
+3 2
-2 1
fe=(30)

fn=(174)
944 40
+15 4
-15 8
+15 4
-15 8
+15 8
+77 16
+10 8
+7 28
cfi=(26)
cfn=(72)
calls=4 59 
* 1539
* 4
+1 8
+11 4
+5 4
-4 4
-1 4
+2 4
+2 4
-2 4
+2 8
+1 12
+1 6
+19 6
-2 3
+2 32
-2 1
+2 46
+10 4
-10 4
+10 12
+27 4
-33 4
-3 4
+2 4
-1 4
+35 4
+9 4
-50 4
+41 4
+9 4
-36 4
+63 20
-62 150
+26 112
+8 32
+1 16
-1 16
+1 64
+1 16
-1 16
+1 16
+2 16
-2 16
+2 16
+2 16
-4 16
+1 16
+3 16
-4 16
+4 80
+2 32
+13 32
+1 60
+5 12
+1 108
-28 24
-35 36
+62 4
+1 36
-28 8
-35 81
+1 219
1213 4
1100 4
1213 8
1100 12
1218 28
+10 12
+1 4
-1 4
+1 4
-1 12
+1 12
-1 12
+1 12
-1 36
1066 8
1235 8
+10 16
+7 16
fi=(58) ./elf/./dl-map-segments.h
28 4
fe=(30)
1252 12
fi=(58)
28 8
+1 32
cfi=(56)
cfn=(180)
calls=4 +18 
* 112
+73 8
-1 4
-72 4
+73 4
+3 8
+1 4
+2 4
-3 4
+1 4
+2 4
+17 4
-44 4
fi=(59) ./elf/./dl-load.h
+10 32
fi=(58)
+58 64
+6 4
+2 4
-2 4
+1 4
+2 8
-1 8
+3 8
+5 8
+3 12
+8 24
cfi=(42)
cfn=(128)
calls=4 -44 
* 314
* 4
+6 8
+12 16
-59 96
+2 48
+2 96
cfi=(56)
cfn=(180)
calls=12 -92 
* 252
* 24
fe=(30)
1264 4
fi=(55) ./elf/../sysdeps/posix/dl-fileid.h
37 8
cfi=(54)
cfn=(176)
calls=4 -7 
* 24
* 8
fe=(30)
989 8
fi=(55)
40 12
fe=(30)
989 4
fi=(55)
40 4
fe=(30)
989 58
+1 28
fi=(55)
49 40
fe=(30)
1519 36
1074 13
+1 2
-1 1
+1 1
-1 1
+1 1
cfi=(69)
cfn=(222)
calls=1 25 
* 7
* 2
+46 2
+1 1
-15 8
+7 4
+2 4
-2 4
+1 4
+1 4
-1 8
+1 32
+60 3
+5 1
-1 2
+5 1
-5 2
-66 1
+71 4
+1 1
+3 1
-3 1
+8 4
+15 8
+1 4
1008 8
1268 16
+1 12
fi=(60) ./elf/./elf/get-dynamic-info.h
39 8
+6 4
-2 4
+11 4
+1 4
-10 8
+8 3
+15 3
-23 12
+23 91
-23 364
+4 188
+3 23
-1 46
+3 80
+1 64
+1 20
+16 16
+12 13
+1 16
+1 16
+1 16
+1 13
+1 15
+1 15
+1 16
+12 4
+7 4
-7 28
+7 9
+5 6
+7 6
+1 12
+6 12
+1 3
+17 12
+5 2
+2 2
+2 2
+2 2
+4 12
+2 6
+1 4
+9 4
+6 4
+4 8
fe=(30)
1275 8
+1 8
+2 8
+10 12
+19 12
+2 24
+52 12
+1 2
+6 36
+1 74
+6 8
cfn=(88)
calls=2 868 
* 154
-7 88
+1 43
+6 43
-6 86
fi=(31)
149 16
fe=(30)
1380 8
cfi=(61) ./io/../sysdeps/unix/sysv/linux/close_nocancel.c
cfn=(192) __GI___close_nocancel
calls=4 25 
* 24
* 8
+13 8
+2 16
+2 8
+16 8
cfi=(8) ./elf/./elf/dl-setup_hash.c
cfn=(14) _dl_setup_hash
calls=4 25 
* 108
+4 8
+1 8
+17 8
+1 1
+3 1
+5 1
-5 1
+5 1
-5 3
+5 3
-5 3
+5 3
+5 8
+12 32
+10 8
+1 4
+5 2
cfi=(45)
cfn=(224)
calls=1 125 
* 12
+7 12
cfi=(26)
cfn=(84)
calls=4 31 
* 228
+3 8
+4 8
cfi=(44)
cfn=(194)
calls=4 38 
* 28
* 4
+1 12
+22 28
+1 12
cfi=(47)
cfn=(196)
calls=4 77 
* 20
* 4
fi=(59)
92 12
+2 3
-1 3
+1 3
-1 3
+1 3
-1 3
+1 3
-1 6
+3 12
fi=(60)
-37 16
+3 16
+2 16
181 3
-22 2
fe=(30)
1510 8
1074 2
fi=(58)
186 8
cfi=(56)
cfn=(180)
calls=1 47 
* 21
+3 2
fe=(30)
1462 12
+2 1
-1 5
+1 1
-1 1
+1 1
-1 1
cfi=(32)
cfn=(94)
calls=1 98 
* 25
* 2
+2 5
1275 4

fl=(63)
fn=(200) _dl_map_object_deps
143 4
+1 2
-1 1
+1 1
-1 2
+1 1
-1 1
+1 1
-1 4
+1 3
-1 1
+1 7
-8 1
+8 2
-8 1
-6 1
-2 1
+16 1
-8 1
-7 1
+1 1
+6 1
+24 4
-28 3
-2 1
+31 1
-33 2
+2 2
+30 2
-30 1
-1 4
+7 4
+24 3
+28 3
-6 1
+46 1
fi=(71) ./elf/../include/scratch_buffer.h
77 1
fe=(63)
+87 1
fi=(71)
-87 1
+1 1
fe=(63)
184 1
+44 4
-31 1
-4 1
+4 7
-4 5
+4 10
+11 16
-18 2
+18 4
417 12
+2 4
+3 4
-3 12
+3 4
-3 4
fi=(28)
56 4
cfi=(27)
cfn=(78)
calls=4 -20 
* 120
fe=(63)
423 12
fi=(28)
56 4
fe=(63)
423 4
+6 4
+1 20
cfi=(29)
cfn=(82)
calls=4 210 
* 44
+1 20
cfi=(29)
cfn=(82)
calls=4 210 
* 44
+3 4
+1 8
+4 18
188 10
442 15
-1 6
+1 12
183 6
+27 16
+7 4
+4 4
-6 4
+1 4
+1 4
+1 8
+3 12
-2 4
-29 20
+32 208
+6 28
cfi=(30)
cfn=(202)
calls=7 +10 
* 353
* 21
+4 14
-2 7
+2 14
cfi=(49)
cfn=(158)
calls=7 -28 
* 17847
+1 14
+9 7
+2 14
+5 20
+6 4
+2 4
-8 8
+3 4
+1 4
+1 4
+1 4
+4 4
-3 4
+3 12
+4 21
+1 12
-43 428
+7 14
+38 291
fi=(71)
85 3
fe=(63)
448 5
+1 1
+3 4
+11 5
fi=(28)
56 1
cfi=(27)
cfn=(78)
calls=1 -20 
* 30
fe=(63)
465 3
fi=(28)
56 1
fe=(63)
465 1
+5 2
+1 1
-1 3
+4 3
-2 2
+13 5
+5 5
-16 15
+11 5
-7 5
+7 5
-2 10
-5 1
+7 1
-2 2
+2 1
-11 1
+11 1
+5 1
-16 3
+21 3
+37 2
+15 2
-14 2
+20 1
-1 4
+1 4
-1 5
cfi=(13)
cfn=(230)
calls=1 298 
* 407
+5 1
+2 1
+1 1
+1 2
-2 1
+2 1
+7 3
+3 2
+3 8
198 39
+3 4
fi=(71)
-70 16
cfi=(70) ./malloc/./malloc/scratch_buffer_set_array_size.c
cfn=(226) __libc_scratch_buffer_set_array_size
calls=4 30 
* 100
fe=(63)
+70 12
+4 8
547 4
cfi=(29)
cfn=(82)
calls=1 210 
* 19
* 3
-53 2
144 2

fn=(204)
61 42
+7 7
-4 21
+1 7
-1 49
cfi=(30)
cfn=(164)
calls=7 1967 
* 17231
* 7
+5 21

fl=(23)
fn=(64)
37 4
+3 1
-3 2
+21 2
+4 2
+16 5

fl=(2)
fn=(162)
641 2
+2 1
-2 4
+2 1
+1 2
-1 2
+1 3
cfi=(30)
cfn=(164)
calls=1 1967 
* 2643
* 1
+2 3

fn=(66)
1346 2
197 1
1346 11
199 1
302 1
+1 1
197 1
+99 3
1357 1
cfi=(24)
cfn=(68)
calls=1 53 
* 17
2749 1
2538 1
2749 2
2598 1
+2 2
+15 1
-13 2
cfi=(25)
cfn=(70)
calls=1 28 
* 59
* 4
cfi=(25)
cfn=(70)
calls=2 28 
* 383
* 9
+4 6
-2 2
+2 6
+1 2
-1 6
+1 17
-1 89
+9 12
2727 3
1373 1
+1 2
-1 2
+1 2
2687 3
-47 2
+10 2
1637 9
cfi=(26)
cfn=(72)
calls=1 59 
* 210
* 1
+2 2
+1 3
+6 1
-5 2
+1 3
+4 1
cfi=(26)
cfn=(84)
calls=1 31 
* 42
+1 2
1116 1
-1 1
1351 1
1143 1
-21 2
+21 2
-19 1
+1 1
-3 1
+21 2
+57 1
-82 1
+25 1
-3 1
+4 1
+19 1
+37 4
-56 102
+56 4
-1 4
+1 8
-1 4
+2 8
+1 1
+2 12
+1 14
+4 8
+1 8
+1 4
+4 12
-72 27
1253 2
+1 22
+6 4
cfi=(30)
cfn=(88)
calls=1 868 
* 56
-7 26
+1 13
+6 13
-6 26
fi=(31)
235 4
+1 2
-87 4
fe=(2)
1148 1
-5 1
+5 2
-5 2
+30 1
-9 2
+2 1
-3 1
+10 2
+18 2
-38 2
-10 1
+10 1
+1 9
-11 2
+1 14
1247 1
1143 1
1247 2
1143 3
1266 4
+3 3
+2 3
1672 3
+2 2
-1 1
+1 1
+1 3
-2 2
cfi=(32)
cfn=(94)
calls=1 98 
* 25
* 2
+7 1
+3 1
-5 1
+3 1
+2 1
+1 2
+4 2
+2 2
fi=(3) ./elf/./get-dynamic-info.h
39 4
+4 1
+2 1
+9 1
+1 1
-10 2
+23 27
-23 108
+4 54
+3 6
-1 12
+3 24
+1 20
fe=(2)
1243 1
1143 1
1243 1
1143 2
fi=(3)
72 4
+43 2
+7 3
+1 4
+6 3
+18 4
+15 4
+2 3
+1 2
+9 2
+6 2
+4 3
fe=(2)
1698 4
+7 2
cfi=(8)
cfn=(14)
calls=1 25 
* 27
+3 2
fi=(33) ./elf/./setup-vdso.h
24 2
fi=(36) ./elf/./dl-main.h
+85 2
fi=(35) ./elf/../sysdeps/unix/sysv/linux/dl-vdso-setup.h
-64 1
fi=(36)
+64 3
cfi=(30)
cfn=(106)
calls=1 706 
* 2111
fe=(2)
1733 3
cfi=(44)
cfn=(142)
calls=1 56 
* 34
+7 1
-5 1
-2 1
+7 1
+4 1
+1 1
+2 1
-3 3
+1 2
+3 1
+11 1
-13 1
+13 1
+1 2
+5 1
-3 2
+2 1
+1 2
+5 3
+1 5
-1 2
224 1
+1 1
-1 1
+1 3
+1 2
1788 2
+5 1
-1 1
1352 1
1793 1
+24 1
cfi=(45)
cfn=(144)
calls=1 192 
* 6
* 1
fi=(46) ./elf/../sysdeps/generic/dl-debug.h
29 4
+1 1
fe=(2)
1823 1
+1 1
cfi=(44)
cfn=(148)
calls=1 116 
* 2
+1 1
+4 3
cfi=(47)
cfn=(150)
calls=1 29 
* 17
+5 3
+2 1
+2 2
+9 2
+16 4
cfi=(62) ./io/../sysdeps/unix/sysv/linux/access.c
cfn=(198) access
calls=1 25 
* 9
* 2
+76 4
+16 3
85 1
1965 1
85 2
1965 1
85 1
1965 5
85 1
1965 2
cfi=(63)
cfn=(200)
calls=1 143 
* 20751
92 1
+9 1
1971 1
92 2
+9 2
1971 2
+1 6
-1 4
+1 10
-1 20
+4 3
+1 2
+1 1
+2 22
+1 10
+46 1
-42 2
+8 3
+1 2
+2 1
+2 3
+2 1
-4 1
+5 1
-1 2
+14 2
+1 2
+1 3
-25 1
+36 2
+2 1
-2 1
+2 2
-2 1
+1 2
+1 1
-1 2
+1 1
cfi=(49)
cfn=(234)
calls=1 186 
* 5899
+10 1
+1 1
-1 1
+1 1
+3 2
837 1
fi=(185) ./elf/../sysdeps/unix/sysv/linux/dl-osinfo.h
39 2
fe=(2)
839 1
fi=(185)
52 1
fe=(2)
848 1
+7 1
-5 1
2047 3
2246 2
+4 1
-4 1
+10 1
-6 1
+6 1
-6 1
+9 2
+8 2
fi=(31)
36 2
+1 3
+3 3
+13 8
-13 5
+9 10
-9 1
+9 24
+4 20
-16 18
+34 1
fe=(2)
2279 1
fi=(31)
71 1
cfi=(75)
cfn=(258)
calls=1 361 
* 33
fe=(2)
2282 1
-3 2
+5 1
-2 2
+2 2
+1 6
cfi=(76)
cfn=(260)
calls=1 207 
* 74637
85 2
2292 1
85 2
2292 1
+1 23
+2 12
+5 12
+2 12
+6 6
+2 12
+1 40
cfi=(76)
cfn=(260)
calls=5 207 
* 15996
+4 14
+1 2
-23 1
+23 1
cfi=(45)
cfn=(404)
calls=1 1017 
* 28
-23 3
92 3
+1 1
2325 1
93 1
2325 1
+4 4
+2 1
+7 4
cfi=(45)
cfn=(406)
calls=1 523 
* 149
+3 2
+4 3
+2 2
+33 3
cfi=(138)
cfn=(430)
calls=1 27 
* 603
+7 1
cfi=(9)
cfn=(446)
calls=1 147 
* 2
+3 3
cfi=(47)
cfn=(448)
calls=1 41 
* 11
+4 2
cfi=(44)
cfn=(194)
calls=1 38 
* 7
+1 1
-1 1
+2 1
cfi=(44)
cfn=(148)
calls=1 116 
* 2
+1 1
+4 1
cfi=(66)
cfn=(450)
calls=1 525 
* 19
+5 8
2304 1
+1 1
-3 2
226 2
-2 1
+1 1
1773 1
+6 1
-6 2
+6 1
fi=(3)
56 5
+3 4
fi=(34) ./elf/../sysdeps/unix/sysv/linux/dl-vdso.h
-19 2
+1 5
fi=(35)
-11 1
+3 1
+3 1
+3 1
fi=(34)
+16 2
fi=(3)
+17 3
+12 3
+1 5
+1 5
+1 5
+1 4
+1 5
+1 5
+1 5
+12 2
+7 1
-7 7
+7 2
fe=(2)
1743 4
2357 1
cfi=(132)
cfn=(408)
calls=1 561 
* 853
+5 3
cfi=(7)
cfn=(416)
calls=1 76 
* 2823
+3 1
cfi=(136)
cfn=(424)
calls=1 30 
* 503
85 1
2371 1
+1 3
85 3
2372 2
cfi=(76)
cfn=(260)
calls=1 207 
* 1785
92 3
+9 3
2687 2
+2 1
+1 1
-1 1
+1 1
+1 1
2040 2
cfn=(244) init_tls
calls=1 734 
* 841
* 2
2650 2
+2 2
+1 1
fi=(3)
62 4
+2 4
fe=(2)
1943 10
85 1
1842 2
85 3
1842 2
cfn=(152) handle_preload_list
calls=1 869 
* 3098
* 1
92 3
+9 3
1943 6
+1 1
-1 1
+4 3
+1 1
+1 2
+1 2
-7 2

fn=(236)
674 2
+2 1
-2 4
+2 3
cfi=(72)
cfn=(238)
calls=1 392 
* 5862
* 2
+4 3

fn=(2)
517 16
85 1
547 4
85 1
543 1
fi=(6)
55 1
fe=(2)
+30 1
546 1
85 1
fi=(3)
-40 1
fe=(2)
546 1
fi=(3)
45 2
+23 18
-23 72
+4 36
+3 5
-1 10
+3 20
+1 16
+1 5
fi=(4)
+23 1
fi=(3)
+31 1
-38 3
+12 4
+1 3
+1 4
+1 4
+1 5
+1 3
+1 4
+1 4
+12 7
+7 2
-51 4
+64 3
+6 3
+1 3
+3 2
+1 3
+5 5
+3 5
fe=(2)
563 154
fi=(4)
79 1
fe=(2)
563 1
fi=(4)
79 2
fe=(2)
563 27
fi=(6)
287 3
fi=(5)
49 1
fe=(2)
563 1
fi=(5)
50 1
-1 2
+4 1
-3 1
+3 4
+3 2
-7 1
fe=(2)
563 1
fi=(5)
50 1
-1 2
+4 1
-3 1
+3 4
+3 2
+7 3
+2 3
-2 6
fi=(6)
278 3
fi=(5)
64 6
fi=(6)
278 6
+9 24
+3 6
+1 6
+26 8
+6 2
fi=(5)
61 13
fe=(2)
563 6

ob=(2)
fl=(105)
fn=(332)
31 2
fi=(186) ./wcsmbs/../sysdeps/x86_64/multiarch/ifunc-evex.h
+7 6
-1 8
fe=(105)

ob=(5)
fl=(152)
fn=(552) ft_printf
0 840
cfn=(566) ft_printf_parse_flags
calls=15 0 
0 1990
cob=(1)
cfi=(161)
cfn=(546)
calls=1 71 
0 667
0 19
0 300
cfn=(582) ft_printf_dispatch
calls=15 0 
0 15670
cob=(1)
cfi=(161)
cfn=(546)
calls=1 71 
0 647
0 19
0 535
cfn=(560) ft_write
calls=70 0 
0 1400
cob=(1)
cfi=(161)
cfn=(546)
calls=1 71 
0 587
0 74
0 393

fn=(666) ft_printf_putnchar
0 51

fn=(582)
0 380
cfn=(588) ft_printf_putnbr
calls=1 0 
0 2162
cob=(1)
cfi=(161)
cfn=(546)
calls=1 71 
0 635
0 5
0 68
cfn=(612) ft_printf_putunbr
calls=1 0 
0 1093
cob=(1)
cfi=(161)
cfn=(546)
calls=1 71 
0 643
0 5
0 66
cfn=(624) ft_printf_puthex
calls=1 0 
0 230
cob=(1)
cfi=(161)
cfn=(546)
calls=1 71 
0 635
0 5
0 63
cfn=(624)
calls=1 0 
0 230
0 1
0 58
cfn=(630) ft_printf_putptr
calls=1 0 
0 183
cob=(1)
cfi=(161)
cfn=(546)
calls=1 71 
0 635
0 5
0 152

ob=(2)
fl=(105)
fn=(332)
31 2

fl=(156) ./stdlib/./stdlib/cxa_atexit.c
fn=(512) __cxa_atexit
67 7
-26 2
+2 8
+1 2
cfn=(514) __new_exitfn
calls=1 +36 
* 33
+2 2
+8 1
-2 1
+3 1
+1 1
-4 2
+1 1
+4 4
+1 1
+11 6

fn=(514)
80 1
+6 2
-6 4
+11 2
-10 1
+10 4
+2 4
-2 1
+10 1
-10 3
+45 1
+5 3
-4 1
+4 2
-18 1
-1 1
+12 1

fl=(100)
fn=(322)
29 1
fi=(101) ./debug/../sysdeps/x86_64/multiarch/ifunc-memset.h
+25 5
+3 3
+7 2
+9 2
+30 4
fe=(100)
-74 1

fl=(109)
fn=(340)
29 1
fi=(187) ./string/../sysdeps/x86_64/multiarch/ifunc-sse4_2.h
+7 5
fe=(109)
-7 1

fl=(126)
fn=(388)
29 1
fi=(187)
+7 5
fe=(126)
-7 1

fl=(104)
fn=(330)
31 1
fi=(188) ./string/../sysdeps/x86_64/multiarch/ifunc-strncpy.h
+4 5
fe=(104)
-4 1

fl=(118)
fn=(362)
31 1
fi=(108) ./string/../sysdeps/x86_64/multiarch/ifunc-strcasecmp.h
+6 2
-1 4
+17 3
+3 3
fe=(118)
-25 2

fl=(90)
fn=(300)
29 1
fi=(91) ./debug/../sysdeps/x86_64/multiarch/ifunc-memmove.h
+28 3
-1 2
+4 3
+14 2
+29 2
+10 4
fe=(90)
-84 1
fi=(91)
+79 3
fe=(90)

fl=(157) ./csu/../sysdeps/nptl/libc_start_call_main.h
fn=(530) (below main)
29 4
+15 1
-15 5
+15 1
cfi=(158) ./setjmp/../sysdeps/x86_64/bsd-_setjmp.S
cfn=(532) _setjmp
calls=1 -16 
* 38
* 1
+2 2
+5 2
+1 2
+3 2
+3 6
cob=(7)
cfi=(154)
cfn=(538) main
calls=1 -58 
* 23847
+16 2
cfi=(165) ./stdlib/./stdlib/exit.c
cfn=(688) exit
calls=1 +63 
* 1932

fl=(130)
fn=(398)
31 1
fi=(108)
+6 2
-1 4
+17 3
+3 3
fe=(130)
-25 2

fl=(89)
fn=(296)
29 1
fi=(86) ./wcsmbs/../sysdeps/x86_64/multiarch/ifunc-wcslen.h
+12 2
-1 4
+17 4
fe=(89)
-28 1

fl=(80)
fn=(278)
86 1
fi=(81) ./string/../sysdeps/x86/cacheinfo.h
-27 1
+3 3
+2 1
+1 1
-1 2
+7 3
+2 1
+1 1
-1 2
+5 2
+2 2
+1 2
+1 2
+2 2
+2 2
fe=(80)

fl=(143) ./nptl/./nptl/pthread_mutex_conf.c
fn=(440) __pthread_tunables_init
55 2
+1 2
-1 2
+1 2
-1 4
+1 1
cob=(3)
cfi=(144)
cfn=(442) 0x000000000489c720
calls=1 -56 
* 26
+2 4
cob=(3)
cfi=(144)
cfn=(442)
calls=1 -58 
* 25
+2 4
cob=(3)
cfi=(144)
cfn=(442)
calls=1 -60 
* 26
+2 6

fl=(158)
fn=(532)
28 1
+2 1
+2 1
cfi=(159) ./setjmp/../sysdeps/x86_64/setjmp.S
cfn=(534) __sigsetjmp
calls=1 -1 
* 35

fl=(172) ./posix/./posix/register-atfork.c
fn=(712) __unregister_atfork
82 8
+1 8
-1 16
+1 8
fi=(173) ./posix/../malloc/dynarray-skeleton.c
243 4
fe=(172)
71 8
+38 16
+1 12

fl=(165)
fn=(688)
137 2
+1 3
-1 1
+1 1
cfn=(690) __run_exit_handlers
calls=1 38 
* 1925

fn=(690)
38 12
+2 2
+3 5
+11 2
+2 2
+38 2
-30 6
+2 1
+1 1
-1 1
+3 7
+44 3
+13 1
-66 1
+66 3
+2 2
+3 2
cfi=(177) ./posix/../sysdeps/unix/sysv/linux/_exit.c
cfn=(792) _Exit
calls=1 27 
* 4
-29 1
+1 1
-2 1
+3 1
+3 1
-3 2
+3 3
+1 3
cob=(1)
cfi=(167)
cfn=(694)
calls=1 -82 
* 1472
+1 4
+10 3
+1 2
-79 1
cfi=(166) ./stdlib/./stdlib/cxa_thread_atexit_impl.c
cfn=(692) __call_tls_dtors
calls=1 148 
* 13
* 1
+88 1
cfi=(174) ./libio/./libio/genops.c
cfn=(782) _IO_cleanup
calls=1 842 
* 357
* 1

fl=(140) ./ctype/./ctype/ctype-info.c
fn=(434) __ctype_init
29 1
+2 7
+2 4
+2 4
+1 1

fl=(83)
fn=(284)
29 1
fi=(187)
+7 5
fe=(83)
-7 1

fl=(166)
fn=(692)
148 4
+1 1
-1 1
+1 3
+16 4

fl=(106)
fn=(334)
67 1
-23 2
-1 4
+17 3
+1 3
+6 2

fl=(93)
fn=(308)
29 1
fi=(189) ./string/../sysdeps/x86_64/multiarch/ifunc-avx2.h
+11 3
-2 4
fe=(93)
-9 2

fl=(174)
fn=(784) _IO_flush_all
686 5
+5 1
-5 1
+5 1
-5 6
+5 4
cfi=(175) ./nptl/./nptl/libc-cleanup.c
cfn=(786) __libc_cleanup_push_defer
calls=1 24 
* 13
+1 6
-5 1
fi=(176) ./libio/./libio/libioP.h
1025 2
fe=(174)
708 33
+1 3
-14 9
+2 3
+1 27
+2 21
+13 7
+1 2
cfi=(175)
cfn=(788) __libc_cleanup_pop_restore
calls=1 54 
* 9
+4 12
-20 9
-6 2
-5 2
+8 1
-3 1
+3 2

fn=(782)
842 6
-66 1
+66 6
+1 1
cfn=(784)
calls=1 686 
* 183
-67 2
+67 1
-67 3
cfi=(175)
cfn=(786)
calls=1 24 
* 13
+1 6
fi=(176)
1025 1
fe=(174)
785 1
-1 1
+1 4
-1 2
+1 25
+9 6
+20 2
+2 4
+1 3
-37 9
+41 7
+1 2
cfi=(175)
cfn=(788)
calls=1 54 
* 9
+33 12
-78 2
+39 24
-2 1
+2 1
-31 6
+7 7
-15 1
+3 2
-3 1
+3 2

fl=(82)
fn=(282)
31 2
fi=(189)
+9 6
-2 8
fe=(82)
-7 4

fl=(119)
fn=(368)
29 1
fi=(189)
+11 3
-2 4
fe=(119)
-9 2

fl=(145) ./nptl/../sysdeps/unix/sysv/linux/x86/elision-conf.c
fn=(444) __lll_elision_init
92 2
+4 1
-4 2
+4 2
-4 1
+4 1
-4 3
+4 1
cob=(3)
cfi=(144)
cfn=(442)
calls=1 -96 
* 26
+2 4
cob=(3)
cfi=(144)
cfn=(442)
calls=1 -98 
* 26
+2 4
cob=(3)
cfi=(144)
cfn=(442)
calls=1 0 
* 26
+2 4
cob=(3)
cfi=(144)
cfn=(442)
calls=1 0 
* 26
+2 4
cob=(3)
cfi=(144)
cfn=(442)
calls=1 0 
* 26
+3 3
+1 1
+1 6

fl=(141) ./resource/../sysdeps/unix/sysv/linux/getrlimit64.c
fn=(436) getrlimit
38 2
+1 7
+1 1

fl=(125)
fn=(386)
29 1
fi=(190) ./string/../sysdeps/x86_64/multiarch/ifunc-evex.h
+9 3
-1 4
fe=(125)
-8 1

fl=(139)
fn=(432)
33 9
+2 1
cfi=(140)
cfn=(434)
calls=1 -6 
* 17
+3 1
fi=(142) ./elf/../sysdeps/nptl/pthread_early_init.h
-5 2
fe=(139)
+8 1
-3 1
+3 1
fi=(142)
-8 1
cfi=(141)
cfn=(436)
calls=1 +5 
* 10
* 3
+1 1
+4 5
+7 1
fi=(191) ./elf/../nptl/nptl-stack.h
+16 3
fi=(142)
-16 1
fi=(191)
+16 2
fi=(142)
-7 1
fi=(191)
+7 3
fi=(142)
-9 1
-6 1
+2 2
+4 4
+1 1
+3 1
cfi=(143)
cfn=(440)
calls=1 -1 
* 104
fe=(139)
-9 3
+2 2
-2 1
cfi=(145)
cfn=(444)
calls=1 +45 
* 169

fl=(148)
fn=(476)
46 6
+5 2
+4 5
+8 1
-2 1
+10 1
-9 1
+1 1
+9 3
-1 1
cfi=(149) ./misc/./misc/init-misc.c
cfn=(478) __init_misc
calls=1 -41 
* 52

fl=(127)
fn=(390)
31 1
fi=(192) ./wcsmbs/../sysdeps/x86_64/multiarch/ifunc-wcs.h
+9 3
-1 4
fi=(128) ./wcsmbs/../sysdeps/x86_64/multiarch/wcpncpy.c
-8 1
fe=(127)

fl=(160) ./setjmp/./setjmp/sigjmp.c
fn=(536) __sigjmp_save
28 6
+2 2
-1 1
+5 4

fl=(164) ./string/../sysdeps/x86_64/multiarch/memset-vec-unaligned-erms.S
fn=(574) __memset_sse2_unaligned
132 15
+1 75
+5 15
+1 15
350 15
+2 15
+1 15
+39 15
+1 15
+2 15

ob=(5)
fl=(152)
fn=(582)
0 54
cfn=(638) ft_printf_putfloat
calls=6 0 
0 6831
cob=(1)
cfi=(161)
cfn=(546)
calls=1 71 
0 663
0 10
0 31
cfn=(686) ft_printf_putpercent
calls=1 0 
0 74
cob=(1)
cfi=(161)
cfn=(546)
calls=1 71 
0 659
0 5
0 89

fn=(632) ft_printf_parse_number
0 156

fn=(660) ft_isinf
0 102

fn=(680) ft_printf_round_fraction
0 40

fn=(686)
0 18
cfn=(606) ft_printf_pad
calls=1 0 
0 14
0 1
0 10
cfn=(560)
calls=1 0 
0 20
0 1
0 10

fn=(630)
0 129
cfn=(606)
calls=1 0 
0 14
0 1
0 8
cfn=(560)
calls=1 0 
0 20
0 1
0 10

fn=(566)
0 120
cob=(2)
cfi=(164)
cfn=(574)
calls=15 132 
0 210
cob=(1)
cfi=(161)
cfn=(546)
calls=1 71 
0 836
0 19
0 481
cfn=(632)
calls=3 0 
0 156
0 168

fn=(624)
0 344
cfn=(606)
calls=2 0 
0 28
0 2
0 24
cfn=(560)
calls=2 0 
0 40
0 2
0 20

fn=(646) isnan_double_custom
0 36
cfn=(648) double_to_u64
calls=6 0 
0 1601
0 123

fn=(588)
0 19
cfn=(594) ft_printf_numlen
calls=1 0 
0 53
cob=(1)
cfi=(161)
cfn=(546)
calls=1 71 
0 651
0 5
0 4
cfn=(600) ft_printf_max
calls=1 0 
0 13
cob=(1)
cfi=(161)
cfn=(546)
calls=1 71 
0 619
0 5
0 11
cfn=(606)
calls=1 0 
0 14
cob=(1)
cfi=(161)
cfn=(546)
calls=1 71 
0 619
0 5
0 12
cfn=(606)
calls=1 0 
0 14
0 1
0 86
cfn=(560)
calls=1 0 
0 20
0 1
0 10

fn=(594)
0 53

fn=(606)
0 112

fn=(638)
0 84
cfn=(644) ft_isnan
calls=6 0 
0 1814
cob=(1)
cfi=(161)
cfn=(546)
calls=1 71 
0 595
0 10
0 16
cfn=(560)
calls=1 0 
0 20
0 1
0 12
cfn=(660)
calls=5 0 
0 102
cob=(1)
cfi=(161)
cfn=(546)
calls=1 71 
0 587
0 9
0 22
cfn=(560)
calls=1 0 
0 20
0 1
0 6
cfn=(560)
calls=1 0 
0 20
0 1
0 34

ob=(1)
fl=(2)
fn=(2)
fi=(5)
51 1
fi=(4)
+28 2
fi=(3)
-17 4
+2 4
fe=(2)
565 1
+13 1
cfi=(7)
cfn=(12)
calls=1 42 
* 10
458 2
85 1
476 2
85 3
476 1
cfi=(8)
cfn=(14)
calls=1 25 
* 27
+2 1
+16 2
-17 1
+11 1
-10 1
+16 1
cfi=(9)
cfn=(16)
calls=1 102 
* 183845
* 1
+2 2
+89 9
fi=(3)
103 3
fe=(2)

fn=(152)
869 11
+5 1
-5 2
+5 2
-4 3
+7 3
cfi=(48) ./string/../string/strcspn.c
cfn=(154) strcspn
calls=1 32 
* 254
* 1
+1 3
+9 1
183 1
889 2
183 2
891 2
-80 1
+5 1
-6 1
-4 1
+10 2
-6 1
+4 1
+2 2
-5 1
+1 1
+4 1
cfi=(49)
cfn=(156)
calls=1 254 
* 2754
+1 3
+8 3
+67 1
-18 2
+21 9
-15 4
cfi=(29)
cfn=(82)
calls=1 210 
* 19
+1 2

fn=(244)
734 1
+6 1
-6 3
+2 2
+4 2
+11 1
fi=(28)
44 1
fe=(2)
746 1
+4 1
fi=(28)
44 1
cfi=(27)
cfn=(74)
calls=1 +36 
* 96
fe=(2)
761 1
-12 1
+6 1
-9 1
+11 1
+4 1
+2 3
-1 2
+3 12
+4 1
+2 1
-2 2
-5 1
-1 2
+10 3
+3 2
cfi=(45)
cfn=(246)
calls=1 97 
* 86
+3 1
cfi=(45)
cfn=(248)
calls=1 216 
* 79
+7 1
cfi=(45)
cfn=(250)
calls=1 417 
* 414
* 1
+1 2
+6 1
fi=(73) ./elf/../sysdeps/generic/dl-call_tls_init_tp.h
31 2
fe=(2)
793 1
fi=(73)
31 6
+2 1
cfi=(24)
cfn=(254)
calls=1 +35 
* 79
fe=(2)
800 1
-3 1
+3 4
-36 5
-1 11

fl=(70)
fn=(226)
30 52
+4 4
+1 8
+10 8
+18 4
-17 4
+17 20

fl=(15)
fn=(34)
37 1
+2 3
+2 1
cfi=(16)
cfn=(36)
calls=1 682 
* 7297

fn=(428)
71 1
-32 3
+32 2

fl=(69)
fn=(222)
25 4
+1 8
+1 2

fl=(37)
fn=(108)
172 6
+3 1
-3 3
+3 1
-3 5
+2 1
cfi=(38) ./elf/../sysdeps/x86_64/dl-hwcaps-subdirs.c
cfn=(110) _dl_hwcaps_subdirs_active
calls=1 29 
* 36
+1 1
fi=(40) ./elf/./dl-hwcaps.h
43 1
fe=(37)
174 1
fi=(40)
45 2
+32 1
+1 1
+1 1
fe=(37)
-27 2
cfi=(39)
cfn=(114)
calls=1 -1 
* 23
* 2
fi=(40)
-9 1
+2 1
-2 1
+34 2
+1 2
+1 1
fe=(37)
-24 1
-1 1
+1 1
+1 1
+1 1
-5 2
cfi=(39)
cfn=(114)
calls=1 -1 
* 30
* 2
cfi=(39)
cfn=(114)
calls=1 -1 
* 199
* 4
+48 4
fi=(28)
-44 2
cfi=(27)
cfn=(78)
calls=1 -20 
* 30
fe=(37)
+46 2
-2 1
+2 1
+3 1
+3 1
fi=(40)
-65 1
+2 1
fe=(37)
+67 1
fi=(40)
-66 1
fe=(37)
+66 2
cfi=(39)
cfn=(120)
calls=1 -87 
* 13
* 2
fi=(40)
-69 1
+2 1
-2 1
+34 2
+1 2
+1 1
fe=(37)
+48 5
+1 2
+1 1
+1 1
-1 1
-4 2
cfi=(39)
cfn=(114)
calls=1 -74 
* 30
* 2
cfi=(39)
cfn=(114)
calls=1 -74 
* 199
* 4
+8 3
+9 3
+47 1
-4 2
+4 2
-3 1
+7 1
-7 2
+7 1
fi=(28)
56 1
cfi=(27)
cfn=(78)
calls=1 -20 
* 30
* 1
fe=(37)
194 2
+8 1
fi=(40)
43 1
fe=(37)
201 1
80 1
fi=(40)
-35 1
fe=(37)
+35 1
202 1
fi=(40)
77 1
+1 1
fe=(37)
202 3
fi=(40)
79 1
fe=(37)
-2 2
cfi=(39)
cfn=(114)
calls=1 -26 
* 23
* 2
fi=(40)
-34 1
+2 1
fe=(37)
+35 2
fi=(40)
-37 1
+34 2
+1 2
+1 2
fe=(37)
+1 2
+7 1
-7 4
cfi=(29)
cfn=(124)
calls=1 197 
* 13
+4 1
+2 1
+2 1
-2 2
-9 2
cfi=(39)
cfn=(114)
calls=1 -26 
* 30
* 2
cfi=(39)
cfn=(114)
calls=1 -26 
* 199
* 4
213 2
-5 1
+1 1
-1 1
+5 1
+3 9

fl=(38)
fn=(110)
29 1
fi=(19)
+2 1
fe=(38)
+7 1
fi=(19)
-8 4
fe=(38)
+22 1
fi=(19)
-20 3
+4 1
fe=(38)
+2 1
fi=(19)
-2 2
+3 4
+1 4
+5 1
fe=(38)
-7 1
fi=(19)
+7 3
fe=(38)
-2 1
fi=(19)
+5 2
+3 5
fe=(38)

fl=(61)
fn=(192)
25 5
+1 20
+1 5

fl=(48)
fn=(154)
32 6
+1 3
+1 2
+5 6
+1 4
+1 4
+1 4
+2 1
+3 3
+1 2
-1 6
+1 4
+3 4
+1 4
+1 4
+1 4
+2 3
+6 1
-1 1
+1 1
+2 2
-1 2
+2 1
+2 6
-5 12
-1 12
+1 12
+2 24
-1 24
+2 12
+2 72
+2 1
+1 4
+1 3

fl=(51)
fn=(214)
36 2
+3 1
-3 7
+3 1
-3 2
+3 1
cfi=(52)
cfn=(170)
calls=1 -11 
* 20
+1 2
+23 8
-21 4
cfi=(54)
cfn=(176)
calls=1 -12 
* 6
* 2
+2 2
+3 2
+13 2
cfi=(61)
cfn=(192)
calls=1 -35 
* 6

ob=(5)
fl=(152)
fn=(638)
0 193
cfn=(678) ft_printf_power10
calls=2 0 
0 98
cob=(1)
cfi=(161)
cfn=(546)
calls=1 71 
0 643
0 6
0 10
cfn=(680)
calls=2 0 
0 40
0 419
cfn=(666)
calls=3 0 
0 51
cob=(1)
cfi=(161)
cfn=(546)
calls=1 71 
0 647
0 7
0 120
cfn=(672) ft_printf_putchar
calls=14 0 
0 462
cob=(1)
cfi=(161)
cfn=(546)
calls=1 71 
0 643
0 18
0 120

fn=(678)
0 98

fn=(560)
0 1860

fn=(600)
0 25

fn=(612)
0 13
cfn=(618) ft_printf_unumlen
calls=1 0 
0 108
cob=(1)
cfi=(161)
cfn=(546)
calls=1 71 
0 643
0 5
0 10
cfn=(600)
calls=1 0 
0 12
0 1
0 4
cfn=(606)
calls=1 0 
0 14
0 1
0 10
cfn=(606)
calls=1 0 
0 14
0 1
0 12

ob=(1)
fl=(51)
fn=(214)
60 1
-11 6
cfi=(56)
cfn=(180)
calls=1 -2 
* 26
* 2

fn=(166)
68 371
+1 106
cfi=(32)
cfn=(94)
calls=53 +29 
* 2046
* 106
+3 53
+2 106
+6 54
-6 108
+1 186
cfi=(32)
cfn=(94)
calls=62 +23 
* 2578
* 124
+8 8
-13 8
+13 69
-1 45
+1 135

fl=(8)
fn=(14)
25 6
+3 6
-3 6
+3 12
+3 18
+1 12
+2 6
-1 6
+3 18
+1 6
+1 12
+7 6
-5 6
-2 6
+3 12
+2 6
+2 12
+5 6

ob=(5)
fl=(152)
fn=(612)
0 214
cfn=(560)
calls=1 0 
0 20
0 1
0 10

fn=(672)
0 126
cfn=(560)
calls=14 0 
0 280
0 14
0 42

fn=(774) 0x0000000000002390
0 5

fn=(644)
0 36
cfn=(646)
calls=6 0 
0 1760
0 18

fn=(618)
0 108

fn=(648)
0 48
cfn=(654) ft_memcpy
calls=6 0 
0 924
cob=(1)
cfi=(161)
cfn=(546)
calls=1 71 
0 595
0 10
0 24

ob=(1)
fl=(65)
fn=(210)
146 4
-55 4
+70 5
+1 1

ob=(5)
fl=(152)
fn=(654)
0 924

fn=(764)
0 9
cob=(3)
cfi=(144)
cfn=(770) 0x0000000004863380
calls=1 0 
0 79
0 1
cfn=(774)
calls=1 0 
0 5
0 3

fn=(490)
0 12

ob=(1)
fl=(65)
fn=(210)
160 2
+1 2

fl=(62)
fn=(198)
25 1
+2 7
+4 1

ob=(7)
fl=(154)
fn=(520) 0x0000000000001130
0 12

fn=(702)
0 9
cob=(3)
cfi=(144)
cfn=(708) 0x0000000000109040
calls=1 0 
0 79
0 1
cfn=(718) 0x0000000000001080
calls=1 0 
0 5
0 3

fn=(508)
0 12
cob=(2)
cfi=(155) ./csu/../csu/libc-start.c
cfn=(510) __libc_start_main@@GLIBC_2.34
calls=1 242 
0 26015

fn=(538)
0 10
cob=(5)
cfi=(152)
cfn=(552)
calls=1 0 
0 6539
cob=(1)
cfi=(161)
cfn=(546)
calls=1 71 
0 652
0 5
0 5
cob=(5)
cfi=(152)
cfn=(552)
calls=1 0 
0 2610
0 1
0 5
cob=(5)
cfi=(152)
cfn=(552)
calls=1 0 
0 1740
0 1
0 4
cob=(5)
cfi=(152)
cfn=(552)
calls=1 0 
0 1258
0 1
0 6
cob=(5)
cfi=(152)
cfn=(552)
calls=1 0 
0 7798
0 1
0 6
cob=(5)
cfi=(152)
cfn=(552)
calls=1 0 
0 1875
0 1
0 3
cob=(5)
cfi=(152)
cfn=(552)
calls=1 0 
0 1321
0 1
0 4

fn=(718)
0 5

ob=(3)
fl=(144)
fn=(516) 0x0000000000109000
0 7

fn=(496)
0 7

fn=(526) 0x000000000489c7b0
0 2
cob=(1)
cfi=(47)
cfn=(528)
calls=1 118 
0 5

fn=(734)
0 2
cob=(2)
cfi=(171) ./stdlib/./stdlib/cxa_finalize.c
cfn=(710) __cxa_finalize
calls=1 30 
0 78

fn=(762)
0 4

fn=(486)
0 7

fn=(724)
0 4

fn=(708)
0 1
cob=(2)
cfi=(171)
cfn=(710)
calls=1 30 
0 78

fn=(752)
0 1
cob=(2)
cfi=(171)
cfn=(710)
calls=1 30 
0 78

fn=(780)
0 4

fn=(466)
0 7

fn=(442)
0 16
cob=(1)
cfi=(11)
cfn=(28)
calls=8 387 
0 191

fn=(480) 0x000000000489c660
0 2
cob=(2)
cfi=(150) ./string/../sysdeps/x86_64/multiarch/strrchr-sse2.S
cfn=(482) __strrchr_sse2
calls=1 45 
0 24

fn=(744)
0 4

fn=(770)
0 1
cob=(2)
cfi=(171)
cfn=(710)
calls=1 30 
0 78

ob=(2)
fl=(124)
fn=(382)
29 1
fi=(96) ./string/../sysdeps/x86_64/multiarch/ifunc-memmove.h
+28 3
-1 2
+4 3
+14 2
+29 2
+10 4
fe=(124)
-84 1
fi=(96)
+79 3
fe=(124)

fl=(149)
fn=(478)
30 1
+1 2
-1 4
+1 4
+2 3
cob=(3)
cfi=(144)
cfn=(480)
calls=1 -33 
* 26
+4 5
+1 3
+2 4

fl=(159)
fn=(534)
31 1
+2 1
+9 1
+1 2
+1 1
+4 1
+1 1
+1 1
+1 1
+1 1
+2 2
+2 1
+1 1
+1 1
+2 2
+2 1
+5 1
+1 1
+17 1
cfi=(160)
cfn=(536)
calls=1 -57 
* 13

fl=(95)
fn=(312)
29 1
fi=(96)
+28 3
-1 2
+4 3
+14 2
+29 2
+10 4
fi=(193) ./string/../sysdeps/x86_64/multiarch/memcpy.c
-84 1
fi=(96)
+79 3
fe=(95)

fl=(94)
fn=(310)
31 1
fi=(192)
+9 3
-1 4
fe=(94)
-8 1

fl=(123)
fn=(378)
33 1
fi=(112) ./string/../sysdeps/x86_64/multiarch/ifunc-strcpy.h
+5 2
+1 1
-1 2
+16 4
fe=(123)
-21 1

fl=(171)
fn=(710)
30 8
+3 8
-3 32
+3 20
+3 16
+4 28
-4 12
+57 16
+4 24
-4 12
+12 8
cfi=(172)
cfn=(712)
calls=4 -23 
* 80
+1 16
+1 32

fl=(115)
fn=(354)
29 1
fi=(194) ./string/../sysdeps/x86_64/multiarch/ifunc-memcmp.h
+5 5
fe=(115)
-5 2

fl=(150)
fn=(482)
45 1
+1 1
+1 1
+1 1
+2 1
+1 1
+2 1
+1 1
+1 1
+3 1
+1 1
+1 1
+1 1
+1 1
+1 1
+2 1
+1 1
+1 1
+1 1
+1 1
+1 1
+1 1
+1 1
+8 1

fl=(155)
fn=(510)
242 13
+69 3
+1 3
cfi=(156)
cfn=(512)
calls=1 67 
* 72
+25 6
+6 2
-3 2
+10 2
cob=(3)
cfi=(144)
cfn=(526)
calls=1 0 
* 7
+2 2
+8 4
cfi=(157)
cfn=(530)
calls=1 29 
* 25845
128 2
+6 3
+1 6
cob=(3)
cfi=(144)
cfn=(516)
calls=1 0 
* 7
* 1
+3 1
+1 2
+3 2
+1 2
-1 1
+2 7
+1 4
cob=(7)
cfi=(154)
cfn=(520)
calls=1 0 
* 12
-1 4

fl=(102)
fn=(326)
28 1
fi=(189)
+12 3
-2 4
fe=(102)
-10 2

fl=(114)
fn=(352)
31 1
fi=(189)
+9 3
-2 4
fe=(114)
-7 2

fl=(107)
fn=(336)
31 1
fi=(108)
+6 2
-1 4
+17 3
+3 3
fe=(107)
-25 2

fl=(121)
fn=(372)
29 1
fi=(195) ./wcsmbs/../sysdeps/x86_64/multiarch/ifunc-memcmp.h
+5 5
fe=(121)
-5 2

fl=(120)
fn=(370)
29 1
fi=(188)
+6 5
fe=(120)
-6 1

fl=(111)
fn=(344)
29 1
fi=(112)
+9 2
+1 1
-1 2
+16 4
fe=(111)
-25 1

fl=(84)
fn=(286)
79 1
-31 2
+1 1
-2 4
+17 3
+3 2
+12 1

fl=(177)
fn=(792)
27 2
+3 2

fl=(151)
fn=(484)
545 1
+1 4
+1 3
+1 3
+2 1

fl=(169)
fn=(698)
367 1
51 3
+1 2
367 3
57 2
+8 1
-3 1
-23 1
+1 4
+1 1
+29 1
+2 1
369 2
74 2
+6 4
+4 3
+3 2

fl=(92)
fn=(304)
29 1
fi=(91)
+28 3
-1 2
+4 3
+14 2
+29 2
+10 4
fe=(92)
-84 1
fi=(91)
+79 3
fe=(92)

fl=(97)
fn=(316)
31 2
fi=(196) ./wcsmbs/../sysdeps/x86_64/multiarch/ifunc-avx2.h
+9 6
-2 8
fi=(98) ./wcsmbs/../sysdeps/x86_64/multiarch/wcschr.c
-7 4
fe=(97)

fn=(366)
31 1
fi=(192)
+9 3
-1 4
fe=(97)
-8 1

fl=(110)
fn=(342)
60 1
-17 2
-1 4
+12 4
+6 1

fl=(103)
fn=(328)
30 1
fi=(196)
+10 3
-2 4
fe=(103)
-8 2

fl=(175)
fn=(786)
24 2
+1 2
+2 4
+2 4
+3 4
+14 6
+2 2
+1 2

fn=(788)
54 2
+1 2
+2 4
+2 2
+1 6
+11 2

fl=(117)
fn=(358)
29 1
fi=(112)
+9 2
+1 1
-1 2
+16 4
fe=(117)
-25 1

fl=(116)
fn=(356)
31 2
fi=(197) ./wcsmbs/../sysdeps/x86_64/multiarch/ifunc-wmemset.h
+5 10
fe=(116)
-5 2

fl=(129)
fn=(394)
33 1
fi=(96)
+24 3
-1 2
+4 3
+14 2
+29 2
+10 4
fe=(129)
-80 1
fi=(96)
+75 3
fe=(129)

fl=(168)
fn=(696)
77 1
+3 3
+2 1
+2 2
-7 4
+11 2
+91 1
+3 1
+2 1
+3 1
-63 1
+66 3
-93 2
+11 4
+4 1
+3 2
-71 1
+1 7
+1 1
+84 3
+1 2

fl=(113)
fn=(348)
31 1
fi=(108)
+6 2
-1 4
+17 3
+3 3
fe=(113)
-25 2

fl=(122)
fn=(374)
29 1
fi=(91)
+28 3
-1 2
+4 3
+14 2
+29 2
+10 4
fe=(122)
-84 1
fi=(91)
+79 3
fe=(122)

fl=(87)
fn=(292)
29 2
fi=(88) ./string/../sysdeps/x86_64/multiarch/ifunc-memset.h
+25 10
+3 6
+7 4
+9 4
+30 8
fe=(87)
-74 2

fl=(99)
fn=(320)
65 1
-22 2
+1 1
-2 4
+17 4
+6 1

fl=(85)
fn=(288)
30 1
fi=(86)
+11 2
-1 4
+17 4
fe=(85)
-27 1

totals: 211153
